0 0.853125 0.75390625 0.046875 0.19140625
0 0.521875 0.72890625 0.046875 0.15859375
0 0.5734375 0.74765625 0.0421875 0.15
0 0.6734375 0.71015625 0.040625 0.13984375
0 0.40390625 0.71796875 0.0296875 0.12265625
0 0.90234375 0.79453125 0.0875 0.28125
0 0.79765625 0.75625 0.05625 0.20859375
0 0.990625 0.66953125 0.01875 0.0625
0 0.74453125 0.78046875 0.0625 0.23984375
0 0.58984375 0.68984375 0.0125 0.06875
0 0.55 0.70078125 0.0171875 0.08984375
0 0.965625 0.77265625 0.0671875 0.24140625
0 0.703125 0.69765625 0.028125 0.09140625