0 0.17734375 0.37109375 0.08125 0.1625
0 0.428125 0.38828125 0.0625 0.16953125
0 0.621875 0.3703125 0.06875 0.13671875
0 0.76328125 0.38671875 0.0609375 0.115625
0 0.57265625 0.60625 0.0359375 0.1625
0 0.62265625 0.36875 0.0734375 0.14375
0 0.80390625 0.73359375 0.0625 0.26640625
0 0.91484375 0.6546875 0.0390625 0.134375
0 0.76171875 0.6859375 0.05 0.203125
0 0.06484375 0.56484375 0.034375 0.046875
0 0.028125 0.6453125 0.0296875 0.0734375
0 0.859375 0.39296875 0.06875 0.08515625
0 0.53125 0.83125 0.0625 0.30390625