0 0.3921875 0.62265625 0.1890625 0.75390625
0 0.05859375 0.4953125 0.0890625 0.30234375
0 0.0296875 0.70859375 0.059375 0.4921875
0 0.7171875 0.48515625 0.0703125 0.328125
0 0.76484375 0.4484375 0.05 0.2484375
0 0.61328125 0.4296875 0.04375 0.1640625
0 0.91171875 0.35234375 0.0359375 0.12890625
0 0.86328125 0.35625 0.03125 0.121875
0 0.21796875 0.48828125 0.0609375 0.2859375
0 0.25859375 0.46015625 0.0609375 0.2203125
0 0.83828125 0.365625 0.03125 0.10078125
0 0.79765625 0.36171875 0.0203125 0.075
0 0.8921875 0.34765625 0.0203125 0.1171875