0 0.571875 0.75 0.0390625 0.21015625
0 0.15703125 0.9140625 0.0859375 0.171875
0 0.24375 0.890625 0.0859375 0.21875
0 0.29296875 0.92578125 0.071875 0.14765625
0 0.36484375 0.90859375 0.0953125 0.15859375
0 0.51015625 0.92890625 0.0703125 0.14140625
0 0.621875 0.95 0.0921875 0.1
0 0.10390625 0.88359375 0.0703125 0.23125
0 0.503125 0.83203125 0.0984375 0.22890625
0 0.54609375 0.82265625 0.065625 0.28359375
0 0.8125 0.9265625 0.125 0.146875
0 0.03671875 0.77265625 0.0734375 0.12265625
0 0.46953125 0.86640625 0.08125 0.24140625