0 0.3484375 0.53359375 0.090625 0.29609375
0 0.2203125 0.52734375 0.0859375 0.1796875
0 0.27578125 0.5265625 0.0703125 0.21640625
0 0.0515625 0.5984375 0.1 0.52890625
0 0.65234375 0.49140625 0.0375 0.07734375
0 0.9265625 0.78671875 0.146875 0.4046875
0 0.79765625 0.6234375 0.0875 0.16328125
0 0.553125 0.609375 0.0640625 0.17734375
0 0.66484375 0.5703125 0.0453125 0.11328125
0 0.11875 0.61796875 0.134375 0.48203125
0 0.14765625 0.51640625 0.084375 0.2828125
0 0.92109375 0.5484375 0.1515625 0.29921875
0 0.64296875 0.5640625 0.0359375 0.1