0 0.22109375 0.69765625 0.0625 0.07109375
0 0.240625 0.66015625 0.0328125 0.05
0 0.52734375 0.646875 0.0171875 0.05625
0 0.915625 0.73046875 0.0484375 0.05859375
0 0.94609375 0.72109375 0.0296875 0.075
0 0.8203125 0.646875 0.0140625 0.05625
0 0.84375 0.64375 0.0140625 0.05625
0 0.35703125 0.65859375 0.0234375 0.05625
0 0.68203125 0.98125 0.0453125 0.0375
0 0.8765625 0.96796875 0.0640625 0.04140625
0 0.81015625 0.64609375 0.0125 0.05625
0 0.84765625 0.70859375 0.0546875 0.09140625
0 0.96875 0.928125 0.0625 0.14375