0 0.090625 0.425 0.0640625 0.21328125
0 0.2390625 0.4125 0.0203125 0.06796875
0 0.3515625 0.43671875 0.021875 0.11015625
0 0.49296875 0.54921875 0.1234375 0.365625
0 0.7328125 0.4171875 0.0078125 0.03984375
0 0.9046875 0.41328125 0.0390625 0.17109375
0 0.81640625 0.625 0.125 0.52890625
0 0.15390625 0.4296875 0.0265625 0.1265625
0 0.3265625 0.47421875 0.0265625 0.06328125
0 0.95390625 0.43125 0.03125 0.13125
0 0.659375 0.4359375 0.0203125 0.11484375
0 0.29375 0.48125 0.071875 0.08671875
0 0.040625 0.496875 0.071875 0.30234375
0 0.61484375 0.42109375 0.03046875 0.14765625