0 0.13984375 0.5875 0.040625 0.13984375
0 0.0671875 0.57890625 0.03125 0.12890625
0 0.5375 0.41484375 0.0265625 0.1125
0 0.50546875 0.41796875 0.03125 0.1125
0 0.26015625 0.48671875 0.0375 0.07734375
0 0.2265625 0.49296875 0.0265625 0.07265625
0 0.11484375 0.58359375 0.0328125 0.1375
0 0.64296875 0.40859375 0.028125 0.10859375
0 0.62890625 0.678125 0.1109375 0.13984375
0 0.11015625 0.46796875 0.025 0.09140625
0 0.64296875 0.44453125 0.009375 0.02109375
0 0.06015625 0.46640625 0.02421875 0.09453125
0 0.03828125 0.46953125 0.02265625 0.0828125