0 0.5328125 0.60078125 0.275 0.43515625
0 0.30078125 0.62265625 0.2515625 0.725
0 0.490625 0.53671875 0.0625 0.19140625
0 0.46796875 0.490625 0.034375 0.08359375
0 0.77421875 0.54375 0.0859375 0.2875
0 0.93125 0.59453125 0.11875 0.38984375
0 0.89296875 0.47734375 0.034375 0.11484375
0 0.8546875 0.46640625 0.0109375 0.06015625
0 0.84296875 0.46875 0.0125 0.05859375
0 0.90546875 0.45703125 0.0109375 0.0375
0 0.86328125 0.465625 0.0078125 0.03984375
0 0.8703125 0.465625 0.0125 0.04375
0 0.84765625 0.44609375 0.0046875 0.01484375