0 0.82265625 0.61484375 0.025 0.1171875
0 0.8015625 0.62265625 0.025 0.10078125
0 0.75703125 0.6171875 0.0234375 0.11484375
0 0.7046875 0.615625 0.0375 0.1171875
0 0.5078125 0.62265625 0.0265625 0.13984375
0 0.446875 0.6078125 0.034375 0.146875
0 0.48984375 0.64375 0.0265625 0.06328125
0 0.56875 0.628125 0.028125 0.12578125
0 0.53828125 0.64453125 0.04375 0.07265625
0 0.15 0.65390625 0.01875 0.09609375
0 0.0296875 0.6515625 0.0328125 0.1171875
0 0.77265625 0.61484375 0.0203125 0.11484375
0 0.1125 0.65859375 0.01875 0.0796875
0 0.59296875 0.6328125 0.02734375 0.10078125
0 0.0609375 0.6515625 0.0265625 0.109375