0 0.4109375 0.53828125 0.1859375 0.7890625
0 0.1359375 0.575 0.2 0.80546875
0 0.215625 0.2890625 0.0421875 0.184375
0 0.25625 0.3015625 0.04375 0.22109375
0 0.68515625 0.25625 0.04765625 0.08515625
0 0.82265625 0.34296875 0.1 0.29609375
0 0.72578125 0.26796875 0.03828125 0.11484375
0 0.5171875 0.35703125 0.0703125 0.24765625
0 0.07734375 0.271875 0.03984375 0.11171875
0 0.03203125 0.29765625 0.05234375 0.19453125
0 0.9359375 0.35234375 0.128125 0.44296875
0 0.63671875 0.353125 0.04765625 0.27734375
0 0.59375 0.4078125 0.07578125 0.38125