0 0.4859375 0.7890625 0.1734375 0.384375
0 0.35546875 0.86796875 0.0609375 0.12890625
0 0.3890625 0.87265625 0.065625 0.11328125
0 0.703125 0.8671875 0.0328125 0.08046875
0 0.1625 0.8015625 0.009375 0.02421875
0 0.88984375 0.82734375 0.0328125 0.06796875
0 0.31328125 0.82421875 0.0203125 0.05859375
0 0.72421875 0.8625 0.03125 0.08984375
0 0.78046875 0.84609375 0.021875 0.0875
0 0.675 0.86796875 0.0296875 0.08046875
0 0.58828125 0.86484375 0.0421875 0.09140625
0 0.42109375 0.8625 0.0515625 0.1203125