0 0.634375 0.55703125 0.325 0.86328125
0 0.26484375 0.571875 0.421875 0.8265625
0 0.43984375 0.1359375 0.0765625 0.20546875
0 0.94375 0.17109375 0.059375 0.23515625
0 0.78359375 0.1265625 0.03125 0.153125
0 0.85859375 0.12109375 0.0484375 0.15078125
0 0.63984375 0.08984375 0.0359375 0.07734375
0 0.60703125 0.09453125 0.0390625 0.0890625
0 0.5796875 0.08828125 0.059375 0.17578125
0 0.3234375 0.1140625 0.053125 0.13046875
0 0.72890625 0.128125 0.0515625 0.25546875
0 0.0671875 0.1828125 0.1265625 0.3609375