0 0.3328125 0.55390625 0.11875 0.34609375
0 0.28125 0.503125 0.0609375 0.27265625
0 0.45390625 0.50390625 0.0875 0.32265625
0 0.56484375 0.49609375 0.078125 0.27890625
0 0.16640625 0.53046875 0.096875 0.37265625
0 0.51640625 0.478125 0.059375 0.23125
0 0.70078125 0.571875 0.1703125 0.41875
0 0.95078125 0.52890625 0.0984375 0.46640625
0 0.78984375 0.484375 0.05625 0.23515625
0 0.83203125 0.44375 0.0375 0.15390625
0 0.72265625 0.43046875 0.034375 0.09765625
0 0.3765625 0.39765625 0.04375 0.06875
0 0.609375 0.434375 0.0265625 0.0875