0 0.6203125 0.546875 0.0578125 0.27578125
0 0.484375 0.54765625 0.1046875 0.36953125
0 0.5796875 0.5515625 0.0328125 0.1078125
0 0.3 0.69375 0.078125 0.13046875
0 0.8171875 0.5703125 0.1109375 0.103125
0 0.025 0.46015625 0.05 0.14453125
0 0.70625 0.45234375 0.0765625 0.13984375
0 0.07421875 0.42890625 0.03125 0.13046875
0 0.04296875 0.4453125 0.0484375 0.15390625
0 0.56171875 0.5984375 0.0765625 0.1328125
0 0.15625 0.4359375 0.0375 0.15390625
0 0.03984375 0.35859375 0.034375 0.0703125
0 0.41171875 0.56484375 0.09375 0.32578125