0 0.5890625 0.68984375 0.015625 0.03359375
0 0.69765625 0.709375 0.0140625 0.01484375
0 0.88046875 0.69140625 0.0109375 0.04140625
0 0.3359375 0.6875 0.0203125 0.02734375
0 0.18515625 0.653125 0.0296875 0.12265625
0 0.39765625 0.68125 0.0109375 0.0375
0 0.67734375 0.69296875 0.0078125 0.025
0 0.7328125 0.69375 0.01875 0.03359375
0 0.7921875 0.69140625 0.0125 0.03984375
0 0.80078125 0.678125 0.0109375 0.02265625
0 0.47265625 0.66875 0.0078125 0.01015625
0 0.8984375 0.69296875 0.0109375 0.04140625
0 0.6734375 0.67734375 0.003125 0.00390625