0 0.11796875 0.79921875 0.12890625 0.140625
0 0.33515625 0.69765625 0.0640625 0.075
0 0.81171875 0.71015625 0.09453125 0.19140625
0 0.6046875 0.78515625 0.146875 0.1796875
0 0.28125 0.88828125 0.1703125 0.1765625
0 0.503125 0.890625 0.12890625 0.140625
0 0.36171875 0.82265625 0.19140625 0.278125
0 0.74609375 0.62578125 0.05390625 0.16015625
0 0.69765625 0.74296875 0.12578125 0.23359375
0 0.94140625 0.6078125 0.04375 0.1421875
0 0.78203125 0.6015625 0.0359375 0.115625
0 0.18671875 0.75078125 0.071875 0.1578125