0 0.48515625 0.62734375 0.2984375 0.71015625
0 0.7765625 0.4828125 0.0390625 0.22890625
0 0.0359375 0.471875 0.0609375 0.20546875
0 0.0875 0.30625 0.034375 0.0515625
0 0.2609375 0.31796875 0.0375 0.1078125
0 0.43359375 0.25 0.0359375 0.075
0 0.39375 0.49765625 0.0390625 0.05859375
0 0.62265625 0.20234375 0.025 0.0515625
0 0.41875 0.3 0.0296875 0.0515625
0 0.56171875 0.2 0.0390625 0.0703125
0 0.18203125 0.27578125 0.0328125 0.084375
0 0.69921875 0.21015625 0.0375 0.05859375
0 0.65546875 0.12578125 0.034375 0.05625