0 0.4203125 0.66875 0.1 0.4171875
0 0.51484375 0.59140625 0.0859375 0.28359375
0 0.028125 0.6828125 0.05625 0.403125
0 0.0859375 0.38984375 0.0453125 0.23203125
0 0.15 0.39375 0.0484375 0.215625
0 0.96484375 0.309375 0.0703125 0.2296875
0 0.92734375 0.34296875 0.0484375 0.24375
0 0.88046875 0.346875 0.065625 0.24375
0 0.8 0.36796875 0.0484375 0.21328125
0 0.678125 0.440625 0.028125 0.10078125
0 0.9671875 0.603125 0.065625 0.33984375
0 0.734375 0.396875 0.034375 0.18984375
0 0.1078125 0.6875 0.1 0.4265625