0 0.259375 0.66171875 0.1359375 0.27265625
0 0.38359375 0.68359375 0.1703125 0.1875
0 0.5453125 0.62578125 0.1703125 0.29375
0 0.35390625 0.15390625 0.0359375 0.06640625
0 0.42265625 0.44140625 0.071875 0.09140625
0 0.59609375 0.18515625 0.03125 0.05625
0 0.76640625 0.14375 0.0671875 0.1125
0 0.87578125 0.18828125 0.05 0.16484375
0 0.428125 0.05859375 0.0578125 0.08515625
0 0.76484375 0.51640625 0.0578125 0.075
0 0.6578125 0.19140625 0.0515625 0.0875
0 0.728125 0.18671875 0.0734375 0.08125
0 0.4734375 0.06953125 0.0515625 0.09375
0 0.84296875 0.5 0.0671875 0.08125
0 0.9171875 0.48984375 0.06171875 0.08046875
0 0.321875 0.45234375 0.06015625 0.08125
0 0.27734375 0.39296875 0.046875 0.103125
0 0.05390625 0.559375 0.075 0.07265625
0 0.0203125 0.35 0.03984375 0.08515625
0 0.06953125 0.3484375 0.046875 0.075
0 0.09609375 0.33046875 0.04921875 0.10703125
0 0.0328125 0.31875 0.03515625 0.05703125
0 0.5234375 0.24453125 0.06015625 0.08828125
0 0.41953125 0.325 0.08515625 0.128125
0 0.7953125 0.26640625 0.07890625 0.13359375
0 0.7359375 0.29296875 0.04375 0.09921875
0 0.68203125 0.2734375 0.04140625 0.05234375
0 0.63984375 0.27578125 0.05234375 0.06953125
0 0.5984375 0.26015625 0.05546875 0.09609375