0 0.3609375 0.5828125 0.465625 0.834375
0 0.65078125 0.5328125 0.290625 0.61015625
0 0.04375 0.65 0.0875 0.5515625
0 0.07578125 0.48125 0.05625 0.1734375
0 0.15859375 0.49765625 0.109375 0.1640625
0 0.21796875 0.44140625 0.0390625 0.0890625
0 0.73203125 0.49140625 0.0640625 0.084375
0 0.78359375 0.4671875 0.0515625 0.084375
0 0.82265625 0.4140625 0.0390625 0.11484375
0 0.21015625 0.38984375 0.015625 0.03046875
0 0.76796875 0.3921875 0.0453125 0.05859375
0 0.1390625 0.4859375 0.08125 0.1875
0 0.93046875 0.49296875 0.06875 0.10078125
0 0.72109375 0.4 0.03984375 0.0921875
0 0.984375 0.40390625 0.03125 0.0984375