0 0.51328125 0.478125 0.271875 0.83515625
0 0.403125 0.77890625 0.090625 0.4125
0 0.9796875 0.34765625 0.040625 0.18984375
0 0.64375 0.371875 0.08125 0.2
0 0.40859375 0.39296875 0.0625 0.30859375
0 0.36484375 0.325 0.0421875 0.1
0 0.7828125 0.41953125 0.1140625 0.38515625
0 0.0609375 0.39453125 0.08125 0.22109375
0 0.16171875 0.384375 0.0421875 0.125
0 0.2609375 0.36328125 0.04375 0.16484375
0 0.29375 0.31640625 0.0171875 0.04375
0 0.30625 0.31015625 0.015625 0.03125
0 0.7234375 0.35625 0.0390625 0.16875