0 0.446875 0.5828125 0.215625 0.65859375
0 0.1453125 0.59140625 0.125 0.56328125
0 0.0765625 0.5171875 0.153125 0.44609375
0 0.5515625 0.5875 0.15625 0.60078125
0 0.771875 0.52421875 0.11875 0.58203125
0 0.52578125 0.03828125 0.0265625 0.0765625
0 0.30625 0.578125 0.0921875 0.51875
0 0.54765625 0.559375 0.20078125 0.5640625
0 0.734375 0.49765625 0.146875 0.50234375
0 0.328125 0.3 0.0453125 0.075
0 0.2546875 0.3609375 0.0484375 0.1421875
0 0.64765625 0.328125 0.0390625 0.15390625
0 0.90390625 0.51953125 0.1765625 0.63046875
0 0.98671875 0.33203125 0.0265625 0.17265625