0 0.08203125 0.63984375 0.04375 0.2046875
0 0.16015625 0.503125 0.07578125 0.18046875
0 0.26875 0.6296875 0.06015625 0.14453125
0 0.5921875 0.56171875 0.04609375 0.18359375
0 0.47109375 0.55859375 0.04609375 0.18359375
0 0.49609375 0.73515625 0.04765625 0.2015625
0 0.93203125 0.840625 0.06171875 0.23203125
0 0.725 0.27890625 0.028125 0.11171875
0 0.7328125 0.18046875 0.01796875 0.07265625
0 0.325 0.57265625 0.034375 0.18046875
0 0.28203125 0.740625 0.05 0.09375
0 0.62734375 0.18203125 0.01171875 0.02421875
0 0.65 0.18359375 0.02421875 0.078125