0 0.4625 0.5078125 0.40078125 0.5125
0 0.3703125 0.19453125 0.0515625 0.05
0 0.54921875 0.22734375 0.08515625 0.0734375
0 0.92578125 0.40078125 0.1015625 0.071875
0 0.83984375 0.26796875 0.0421875 0.0390625
0 0.77109375 0.19140625 0.0640625 0.134375
0 0.6046875 0.11484375 0.03046875 0.025
0 0.65546875 0.10390625 0.05859375 0.09375
0 0.5296875 0.16875 0.0515625 0.0484375
0 0.546875 0.4140625 0.0375 0.046875
0 0.30390625 0.19296875 0.0640625 0.05
0 0.74375 0.359375 0.08046875 0.065625
0 0.3515625 0.29921875 0.0875 0.05625