0 0.484375 0.6015625 0.1203125 0.45
0 0.56484375 0.25390625 0.03125 0.09609375
0 0.20546875 0.53828125 0.0546875 0.08671875
0 0.38125 0.234375 0.0296875 0.0609375
0 0.55859375 0.45234375 0.0484375 0.17578125
0 0.47890625 0.20234375 0.0359375 0.084375
0 0.64296875 0.3796875 0.0421875 0.16875
0 0.2609375 0.5453125 0.034375 0.07734375
0 0.83828125 0.46171875 0.04375 0.14765625
0 0.3453125 0.2375 0.03125 0.08203125
0 0.48671875 0.3265625 0.0421875 0.07734375
0 0.340625 0.5421875 0.0484375 0.07734375
0 0.5296875 0.23046875 0.034375 0.065625
0 0.9203125 0.4484375 0.0546875 0.17421875
0 0.96953125 0.45859375 0.0609375 0.1609375
0 0.88203125 0.45703125 0.0515625 0.1609375
0 0.80078125 0.45859375 0.04453125 0.165625