0 0.40625 0.71328125 0.0625 0.165625
0 0.921875 0.93125 0.0375 0.11640625
0 0.10546875 0.31484375 0.025 0.0609375
0 0.13203125 0.6640625 0.0421875 0.14921875
0 0.16953125 0.34296875 0.021875 0.03515625
0 0.146875 0.34765625 0.01875 0.03984375
0 0.775 0.09453125 0.015625 0.046875
0 0.459375 0.34375 0.0296875 0.08125
0 0.06328125 0.37421875 0.01875 0.03984375
0 0.08046875 0.36796875 0.0171875 0.03984375
0 0.1125 0.39765625 0.0234375 0.12109375
0 0.12578125 0.334375 0.025 0.0421875
0 0.47109375 0.4078125 0.025 0.11640625
0 0.68515625 0.42890625 0.03125 0.12890625
0 0.8328125 0.6640625 0.0265625 0.15625
0 0.9046875 0.365625 0.03125 0.0828125
0 0.975 0.3546875 0.03359375 0.11796875
0 0.96171875 0.93671875 0.053125 0.1265625
0 0.2046875 0.3546875 0.0203125 0.1078125