0 0.56640625 0.73515625 0.1078125 0.52890625
0 0.65 0.403125 0.0359375 0.13515625
0 0.228125 0.80625 0.140625 0.38671875
0 0.29296875 0.6390625 0.075 0.2984375
0 0.728125 0.765625 0.1484375 0.4640625
0 0.6390625 0.65 0.0578125 0.2984375
0 0.640625 0.45703125 0.0390625 0.09765625
0 0.38203125 0.796875 0.13125 0.40546875
0 0.1953125 0.65390625 0.0734375 0.15390625
0 0.11171875 0.7484375 0.0953125 0.48984375
0 0.0546875 0.78515625 0.109375 0.4296875
0 0.91796875 0.72734375 0.1640625 0.54296875
0 0.3875 0.55390625 0.0546875 0.25625