0 0.64296875 0.86875 0.1375 0.2625
0 0.54375 0.83515625 0.0578125 0.27109375
0 0.3578125 0.75859375 0.05 0.11640625
0 0.33046875 0.73515625 0.046875 0.075
0 0.27109375 0.78046875 0.08125 0.16015625
0 0.2484375 0.87890625 0.0875 0.21875
0 0.06171875 0.86953125 0.09375 0.26015625
0 0.1453125 0.73359375 0.065625 0.19375
0 0.50546875 0.82109375 0.0453125 0.26640625
0 0.4265625 0.734375 0.040625 0.17265625
0 0.62890625 0.68984375 0.0265625 0.09375
0 0.38828125 0.83671875 0.059375 0.24375
0 0.815625 0.77265625 0.0359375 0.14765625