0 0.53125 0.646875 0.18125 0.57109375
0 0.8078125 0.64296875 0.1953125 0.525
0 0.56796875 0.440625 0.1171875 0.34375
0 0.3875 0.528125 0.1421875 0.48515625
0 0.0375 0.48203125 0.075 0.46640625
0 0.084375 0.228125 0.0671875 0.17265625
0 0.2140625 0.20234375 0.06875 0.15390625
0 0.19609375 0.40859375 0.1109375 0.31640625
0 0.934375 0.23359375 0.0671875 0.1625
0 0.20703125 0.596875 0.1421875 0.56015625
0 0.103125 0.63046875 0.171875 0.56640625
0 0.8328125 0.24375 0.09375 0.15390625
0 0.83828125 0.16796875 0.04375 0.10625