0 0.23515625 0.8453125 0.01875 0.11484375
0 0.30703125 0.83828125 0.0203125 0.0890625
0 0.3828125 0.81484375 0.0125 0.04453125
0 0.5921875 0.84765625 0.0359375 0.1265625
0 0.48046875 0.82421875 0.0046875 0.0140625
0 0.559375 0.80859375 0.0046875 0.009375
0 0.88359375 0.86015625 0.0375 0.1171875
0 0.71953125 0.81953125 0.009375 0.0375
0 0.6203125 0.81953125 0.0109375 0.04453125
0 0.784375 0.8203125 0.009375 0.0375
0 0.790625 0.8171875 0.0078125 0.0421875
0 0.51328125 0.81328125 0.0109375 0.02109375
0 0.5515625 0.8171875 0.0078125 0.03046875