0 0.41640625 0.49375 0.14375 0.52890625
0 0.9234375 0.16328125 0.0375 0.15234375
0 0.1453125 0.15703125 0.11875 0.20390625
0 0.31171875 0.07421875 0.0546875 0.07734375
0 0.22265625 0.11015625 0.046875 0.10859375
0 0.10390625 0.08359375 0.0359375 0.08125
0 0.1875 0.10703125 0.0234375 0.06015625
0 0.2015625 0.05625 0.03125 0.10859375
0 0.15625 0.05390625 0.040625 0.1078125
0 0.85625 0.15234375 0.040625 0.14609375
0 0.35703125 0.084375 0.0328125 0.05390625
0 0.9609375 0.02109375 0.009375 0.02890625