0 0.33984375 0.36796875 0.1796875 0.28984375
0 0.775 0.49921875 0.2765625 0.44765625
0 0.70625 0.3 0.15 0.20390625
0 0.62734375 0.19375 0.159375 0.21875
0 0.88203125 0.25625 0.084375 0.225
0 0.2421875 0.5875 0.3890625 0.57265625
0 0.36171875 0.15234375 0.1328125 0.30234375
0 0.10078125 0.2 0.0875 0.29609375
0 0.671875 0.25546875 0.084375 0.19765625
0 0.77421875 0.725 0.4515625 0.55
0 0.92734375 0.31328125 0.1453125 0.34765625
0 0.17109375 0.121875 0.071875 0.18125
0 0.1359375 0.134375 0.0875 0.21875