0 0.24375 0.60078125 0.0359375 0.13828125
0 0.29765625 0.56171875 0.028125 0.125
0 0.34296875 0.58828125 0.0375 0.1484375
0 0.9390625 0.70859375 0.0703125 0.2171875
0 0.09140625 0.44140625 0.015625 0.06640625
0 0.23359375 0.48046875 0.025 0.0640625
0 0.3796875 0.5578125 0.028125 0.13828125
0 0.0109375 0.56640625 0.021875 0.13828125
0 0.38984375 0.56015625 0.01875 0.1359375
0 0.06328125 0.57578125 0.0265625 0.14296875
0 0.4046875 0.55859375 0.0203125 0.15078125
0 0.51484375 0.48203125 0.0265625 0.04375
0 0.77578125 0.57890625 0.071875 0.0921875