0 0.87421875 0.8578125 0.1015625 0.284375
0 0.55625 0.64609375 0.05625 0.23515625
0 0.58984375 0.8765625 0.0609375 0.246875
0 0.496875 0.884375 0.08125 0.23125
0 0.375 0.859375 0.078125 0.27890625
0 0.50859375 0.73046875 0.0609375 0.12890625
0 0.61640625 0.72265625 0.0453125 0.20390625
0 0.27734375 0.70625 0.0640625 0.26484375
0 0.7703125 0.90625 0.0921875 0.1875
0 0.2234375 0.8421875 0.084375 0.315625
0 0.3078125 0.51796875 0.05625 0.14375
0 0.65625 0.88359375 0.084375 0.22890625
0 0.36875 0.678125 0.059375 0.18359375