0 0.2921875 0.51171875 0.1 0.19375
0 0.25390625 0.43671875 0.0453125 0.08125
0 0.2234375 0.51953125 0.0828125 0.19140625
0 0.13046875 0.46640625 0.065625 0.09140625
0 0.42578125 0.36328125 0.0453125 0.10234375
0 0.4703125 0.36875 0.021875 0.04140625
0 0.50625 0.3875 0.03125 0.05234375
0 0.52890625 0.37265625 0.05 0.14140625
0 0.68203125 0.359375 0.05625 0.08359375
0 0.49375 0.35625 0.0296875 0.05
0 0.96875 0.33203125 0.040625 0.14765625
0 0.3375 0.51796875 0.065625 0.07890625
0 0.6171875 0.3875 0.046875 0.13125