0 0.79375 0.79296875 0.178125 0.37265625
0 0.56484375 0.56328125 0.0359375 0.15234375
0 0.71875 0.6015625 0.1 0.2296875
0 0.271875 0.56171875 0.0328125 0.0796875
0 0.85 0.66015625 0.053125 0.11953125
0 0.98125 0.56640625 0.03125 0.11953125
0 0.43125 0.5078125 0.0265625 0.0421875
0 0.41015625 0.49765625 0.0171875 0.04453125
0 0.64375 0.56640625 0.0375 0.1265625
0 0.21328125 0.5328125 0.04375 0.11484375
0 0.95 0.54921875 0.034375 0.11953125
0 0.22109375 0.5875 0.0578125 0.12890625
0 0.2953125 0.53046875 0.01875 0.0796875