0 0.5203125 0.67890625 0.0125 0.0640625
0 0.51171875 0.65859375 0.015625 0.071875
0 0.48203125 0.63046875 0.01875 0.03828125
0 0.37109375 0.67421875 0.01875 0.075
0 0.4625 0.6265625 0.0109375 0.03359375
0 0.40234375 0.675 0.0265625 0.08984375
0 0.3109375 0.66640625 0.0296875 0.11875
0 0.26640625 0.67109375 0.0203125 0.09296875
0 0.57890625 0.67421875 0.0171875 0.075
0 0.33125 0.66640625 0.0109375 0.09296875
0 0.45625 0.67109375 0.015625 0.0796875
0 0.71875 0.66875 0.0265625 0.08515625
0 0.28359375 0.67109375 0.0171875 0.0796875