0 0.17890625 0.65703125 0.0328125 0.12890625
0 0.2328125 0.69296875 0.05 0.13984375
0 0.2671875 0.63046875 0.040625 0.12265625
0 0.33046875 0.86953125 0.078125 0.13359375
0 0.11328125 0.503125 0.0171875 0.05859375
0 0.71796875 0.58125 0.034375 0.13515625
0 0.778125 0.50625 0.034375 0.07890625
0 0.12265625 0.9171875 0.0546875 0.165625
0 0.35 0.74453125 0.0484375 0.16484375
0 0.48984375 0.85390625 0.059375 0.20859375
0 0.86015625 0.85859375 0.05625 0.21015625
0 0.95859375 0.6421875 0.04140625 0.1375
0 0.93515625 0.621875 0.0296875 0.12578125