0 0.371875 0.61328125 0.55625 0.7734375
0 0.4390625 0.3328125 0.09375 0.20234375
0 0.54609375 0.321875 0.11796875 0.14921875
0 0.553125 0.3890625 0.1203125 0.15390625
0 0.52109375 0.18828125 0.12421875 0.2265625
0 0.6671875 0.28828125 0.1296875 0.23515625
0 0.80078125 0.25078125 0.15390625 0.19765625
0 0.55625 0.4515625 0.12421875 0.18203125
0 0.128125 0.1546875 0.13203125 0.14296875
0 0.76484375 0.10546875 0.09765625 0.2109375
0 0.86484375 0.475 0.11796875 0.11640625
0 0.8140625 0.415625 0.09765625 0.24140625
0 0.4328125 0.240625 0.12578125 0.21953125