0 0.384375 0.64140625 0.2109375 0.34453125
0 0.425 0.8296875 0.309375 0.340625
0 0.665625 0.76796875 0.1890625 0.4359375
0 0.8125 0.75859375 0.2171875 0.4828125
0 0.86640625 0.478125 0.121875 0.53828125
0 0.92265625 0.53515625 0.075 0.73046875
0 0.62421875 0.6390625 0.025 0.04921875
0 0.0953125 0.73515625 0.190625 0.40546875
0 0.66640625 0.65703125 0.0140625 0.0703125
0 0.6546875 0.64140625 0.01875 0.0609375
0 0.96875 0.5265625 0.0625 0.92265625
0 0.53984375 0.67421875 0.0125 0.02109375
0 0.49921875 0.67109375 0.0203125 0.0375