0 0.409375 0.59765625 0.2265625 0.36484375
0 0.72578125 0.634375 0.1671875 0.26015625
0 0.87578125 0.61015625 0.1625 0.33125
0 0.65546875 0.409375 0.0359375 0.17109375
0 0.90625 0.421875 0.05625 0.1875
0 0.95625 0.425 0.0578125 0.18984375
0 0.5109375 0.42265625 0.0484375 0.11640625
0 0.77734375 0.43203125 0.0734375 0.17265625
0 0.73125 0.41484375 0.05 0.16875
0 0.20625 0.34296875 0.0578125 0.075
0 0.5953125 0.30703125 0.0375 0.05625
0 0.58046875 0.421875 0.065625 0.14140625
0 0.41640625 0.196875 0.02421875 0.08203125
0 0.36953125 0.2234375 0.021875 0.03828125
0 0.1 0.33671875 0.05 0.07109375
0 0.515625 0.28984375 0.0328125 0.06796875