0 0.46875 0.53984375 0.059375 0.25859375
0 0.3046875 0.465625 0.0890625 0.1640625
0 0.4390625 0.55390625 0.08125 0.24609375
0 0.77890625 0.80546875 0.178125 0.36640625
0 0.6265625 0.8375 0.128125 0.325
0 0.5140625 0.55078125 0.0703125 0.23671875
0 0.53828125 0.55625 0.0484375 0.24609375
0 0.534375 0.8453125 0.1171875 0.2890625
0 0.35390625 0.8328125 0.1765625 0.334375
0 0.8484375 0.36015625 0.0390625 0.0703125
0 0.74921875 0.66171875 0.059375 0.1640625
0 0.68203125 0.78671875 0.0546875 0.11015625