0 0.67421875 0.653125 0.04609375 0.1625
0 0.40078125 0.7703125 0.05390625 0.253125
0 0.50390625 0.72109375 0.0921875 0.2
0 0.29375 0.790625 0.071875 0.215625
0 0.81484375 0.665625 0.0421875 0.16015625
0 0.94609375 0.6921875 0.06171875 0.20546875
0 0.02890625 0.78828125 0.05625 0.41875
0 0.34609375 0.734375 0.04375 0.15234375
0 0.140625 0.75859375 0.08984375 0.253125
0 0.92109375 0.6171875 0.015625 0.08515625
0 0.196875 0.70546875 0.03984375 0.25078125
0 0.89375 0.67578125 0.065625 0.16796875
0 0.1671875 0.62109375 0.02578125 0.0796875