0 0.30546875 0.83828125 0.10078125 0.1484375
0 0.11875 0.85234375 0.03984375 0.0765625
0 0.37421875 0.84609375 0.03515625 0.046875
0 0.703125 0.83359375 0.0234375 0.046875
0 0.64296875 0.8390625 0.02109375 0.0421875
0 0.6 0.8359375 0.02109375 0.0265625
0 0.96328125 0.86015625 0.0515625 0.0390625
0 0.68984375 0.87421875 0.11484375 0.075
0 0.6921875 0.8671875 0.03984375 0.0296875
0 0.546875 0.85703125 0.04453125 0.0328125
0 0.9203125 0.8265625 0.03046875 0.053125
0 0.6046875 0.846875 0.0234375 0.028125
0 0.340625 0.8640625 0.03515625 0.0421875