0 0.67734375 0.69921875 0.28203125 0.21875
0 0.50703125 0.33359375 0.1265625 0.125
0 0.740625 0.21015625 0.07734375 0.028125
0 0.47734375 0.1796875 0.0515625 0.046875
0 0.65390625 0.20859375 0.09609375 0.040625
0 0.703125 0.19921875 0.05625 0.0515625
0 0.5328125 0.1296875 0.08671875 0.05625
0 0.81015625 0.2140625 0.07734375 0.0359375
0 0.684375 0.1171875 0.04453125 0.0390625
0 0.37890625 0.328125 0.20859375 0.1671875
0 0.0484375 0.21640625 0.07265625 0.034375
0 0.97421875 0.21171875 0.04921875 0.0359375
0 0.3953125 0.18046875 0.05859375 0.05
0 0.43515625 0.3390625 0.1234375 0.11015625