0 0.453125 0.4859375 0.1484375 0.58671875
0 0.56015625 0.56875 0.2796875 0.84140625
0 0.353125 0.3046875 0.0359375 0.1421875
0 0.30234375 0.43359375 0.1078125 0.4484375
0 0.2328125 0.3984375 0.1171875 0.3828125
0 0.15078125 0.3671875 0.059375 0.22421875
0 0.90703125 0.46484375 0.1703125 0.71015625
0 0.765625 0.3515625 0.0765625 0.21484375
0 0.22265625 0.34921875 0.0234375 0.21953125
0 0.20078125 0.3234375 0.0265625 0.16796875
0 0.07265625 0.26953125 0.0390625 0.075
0 0.665625 0.41328125 0.175 0.528125
0 0.109375 0.38671875 0.08984375 0.2484375