0 0.63828125 0.10390625 0.084375 0.19453125
0 0.7546875 0.5859375 0.4421875 0.22109375
0 0.35234375 0.68515625 0.29765625 0.21484375
0 0.38203125 0.15703125 0.065625 0.18125
0 0.31328125 0.13203125 0.09375 0.25390625
0 0.128125 0.1421875 0.1640625 0.28359375
0 0.1046875 0.49453125 0.209375 0.6359375
0 0.82265625 0.084375 0.05390625 0.1515625
0 0.8953125 0.0828125 0.06171875 0.16484375
0 0.9828125 0.06953125 0.034375 0.12890625
0 0.86484375 0.06796875 0.01796875 0.07265625
0 0.55625 0.14375 0.084375 0.13203125
0 0.48671875 0.1203125 0.10390625 0.23125