0 0.65703125 0.63515625 0.21171875 0.7296875
0 0.509375 0.32265625 0.0296875 0.071875
0 0.403125 0.46875 0.0859375 0.3390625
0 0.3359375 0.48515625 0.071875 0.29453125
0 0.203125 0.459375 0.06015625 0.29453125
0 0.096875 0.48046875 0.0703125 0.44453125
0 0.48984375 0.459375 0.0921875 0.33671875
0 0.24609375 0.4984375 0.07421875 0.32734375
0 0.81015625 0.421875 0.09609375 0.30625
0 0.846875 0.40703125 0.05234375 0.32734375
0 0.81875 0.60234375 0.11171875 0.17734375
0 0.16796875 0.52578125 0.05625 0.4203125
0 0.71328125 0.44609375 0.125 0.44765625
0 0.55 0.4375 0.05234375 0.3921875
0 0.125 0.5484375 0.1046875 0.53125