0 0.59140625 0.68359375 0.01484375 0.03359375
0 0.61484375 0.67421875 0.01796875 0.04921875
0 0.3875 0.53515625 0.01328125 0.04296875
0 0.59140625 0.628125 0.0234375 0.05234375
0 0.64765625 0.67578125 0.01796875 0.0578125
0 0.5265625 0.62265625 0.01328125 0.04921875
0 0.48984375 0.62109375 0.0203125 0.04296875
0 0.484375 0.59765625 0.01328125 0.04921875
0 0.6078125 0.66484375 0.01328125 0.03671875
0 0.5625 0.6578125 0.0265625 0.0546875
0 0.46484375 0.60078125 0.021875 0.0609375
0 0.50546875 0.60703125 0.01015625 0.03671875
0 0.521875 0.428125 0.01171875 0.03984375