0 0.35703125 0.9078125 0.0640625 0.184375
0 0.2453125 0.95625 0.04375 0.0875
0 0.85859375 0.875 0.046875 0.19140625
0 0.54609375 0.77109375 0.0140625 0.0703125
0 0.2078125 0.8234375 0.021875 0.11015625
0 0.12578125 0.8921875 0.0296875 0.1515625
0 0.5109375 0.79453125 0.0203125 0.09375
0 0.36484375 0.7921875 0.009375 0.04453125
0 0.346875 0.79296875 0.025 0.0515625
0 0.740625 0.8015625 0.0296875 0.09609375
0 0.2734375 0.753125 0.0171875 0.06796875
0 0.19140625 0.86328125 0.0296875 0.08671875
0 0.91796875 0.85390625 0.0453125 0.184375
0 0.5421875 0.90625 0.0484375 0.12578125