0 0.60234375 0.69453125 0.0125 0.0421875
0 0.6375 0.69453125 0.0125 0.046875
0 0.60859375 0.640625 0.00625 0.02109375
0 0.015625 0.8015625 0.03125 0.13125
0 0.35703125 0.9046875 0.0234375 0.10546875
0 0.45234375 0.92734375 0.0390625 0.1171875
0 0.6640625 0.97890625 0.0390625 0.0421875
0 0.85703125 0.94921875 0.0390625 0.10078125
0 0.6140625 0.6921875 0.0109375 0.03515625
0 0.6265625 0.68984375 0.0109375 0.04921875
0 0.590625 0.67109375 0.009375 0.0328125
0 0.6421875 0.63984375 0.0078125 0.0234375