0 0.4234375 0.51953125 0.54921875 0.715625
0 0.71484375 0.40859375 0.2203125 0.146875
0 0.26875 0.3359375 0.1546875 0.15625
0 0.13046875 0.34921875 0.16875 0.171875
0 0.17265625 0.4109375 0.16875 0.1265625
0 0.08828125 0.25 0.17578125 0.18125
0 0.26171875 0.26171875 0.1734375 0.175
0 0.9390625 0.27890625 0.121875 0.1828125
0 0.05859375 0.41640625 0.1171875 0.1109375
0 0.40703125 0.2671875 0.12421875 0.11875
0 0.87890625 0.3671875 0.20390625 0.1640625
0 0.7921875 0.3125 0.16640625 0.2140625
0 0.9484375 0.42421875 0.103125 0.1140625