0 0.68046875 0.8921875 0.1109375 0.21484375
0 0.540625 0.915625 0.1140625 0.16796875
0 0.4765625 0.83046875 0.03125 0.13984375
0 0.44609375 0.8390625 0.028125 0.128125
0 0.4171875 0.84921875 0.0328125 0.11015625
0 0.19609375 0.85078125 0.0234375 0.13515625
0 0.115625 0.86484375 0.0234375 0.12421875
0 0.79921875 0.89140625 0.159375 0.2171875
0 0.50859375 0.8375 0.0265625 0.1171875
0 0.03515625 0.8203125 0.01875 0.08203125
0 0.5359375 0.7875 0.015625 0.05859375
0 0.1625 0.81640625 0.0265625 0.06328125