0 0.50625 0.78125 0.20703125 0.221875
0 0.73671875 0.83515625 0.15546875 0.1375
0 0.86796875 0.80859375 0.08203125 0.19375
0 0.8140625 0.696875 0.06796875 0.046875
0 0.98203125 0.64140625 0.0328125 0.03125
0 0.78203125 0.64375 0.04921875 0.0296875
0 0.64453125 0.55703125 0.03046875 0.0234375
0 0.809375 0.63046875 0.046875 0.046875
0 0.834375 0.54453125 0.0328125 0.028125
0 0.94140625 0.72578125 0.08671875 0.078125
0 0.9203125 0.53671875 0.04453125 0.053125
0 0.715625 0.70390625 0.06328125 0.0875
0 0.90625 0.64140625 0.05390625 0.0296875