0 0.48671875 0.56328125 0.44375 0.8359375
0 0.725 0.3421875 0.10625 0.1765625
0 0.82109375 0.28984375 0.05859375 0.10625
0 0.596875 0.26484375 0.05 0.075
0 0.896875 0.25546875 0.03359375 0.0578125
0 0.26953125 0.27578125 0.06015625 0.1109375
0 0.775 0.2625 0.03359375 0.05625
0 0.365625 0.25703125 0.06015625 0.078125
0 0.225 0.2671875 0.05390625 0.0984375
0 0.875 0.253125 0.03359375 0.0578125
0 0.64921875 0.30546875 0.06875 0.0890625
0 0.646875 0.259375 0.04140625 0.059375
0 0.08203125 0.25390625 0.03984375 0.0734375