0 0.40625 0.5078125 0.209375 0.46015625
0 0.59921875 0.51484375 0.1859375 0.51640625
0 0.7328125 0.7375 0.0953125 0.39921875
0 0.8484375 0.74453125 0.121875 0.48125
0 0.946875 0.7296875 0.10625 0.540625
0 0.11171875 0.55234375 0.0125 0.05625
0 0.68359375 0.59609375 0.046875 0.14921875
0 0.50625 0.57578125 0.0203125 0.10078125
0 0.13125 0.55859375 0.0265625 0.084375
0 0.265625 0.62734375 0.0765625 0.20078125
0 0.07421875 0.546875 0.0125 0.05625
0 0.7765625 0.728125 0.0484375 0.28515625
0 0.08359375 0.54765625 0.0140625 0.06796875