0 0.8890625 0.43671875 0.10625 0.33515625
0 0.42734375 0.4171875 0.1046875 0.365625
0 0.54375 0.27734375 0.1 0.27890625
0 0.65703125 0.2703125 0.1328125 0.3890625
0 0.384375 0.521875 0.346875 0.56640625
0 0.9578125 0.3078125 0.084375 0.346875
0 0.79453125 0.23515625 0.078125 0.31640625
0 0.38671875 0.18046875 0.1234375 0.35390625
0 0.1375 0.28828125 0.0953125 0.3421875
0 0.48359375 0.1765625 0.090625 0.3140625
0 0.74453125 0.3359375 0.0859375 0.1875
0 0.86953125 0.30234375 0.11875 0.34921875
0 0.23125 0.246875 0.1140625 0.3328125