0 0.62734375 0.8921875 0.1234375 0.215625
0 0.58203125 0.82890625 0.0296875 0.09765625
0 0.45390625 0.89765625 0.08125 0.20390625
0 0.28984375 0.8875 0.0640625 0.225
0 0.40703125 0.87421875 0.0484375 0.20625
0 0.86875 0.8734375 0.06875 0.253125
0 0.89921875 0.784375 0.034375 0.05390625
0 0.93515625 0.78125 0.034375 0.05234375
0 0.9609375 0.88671875 0.0609375 0.225
0 0.70625 0.875 0.0578125 0.21015625
0 0.6734375 0.85546875 0.0375 0.1625
0 0.215625 0.89375 0.0609375 0.2125
0 0.53984375 0.86953125 0.059375 0.21484375