0 0.3265625 0.67421875 0.1375 0.27734375
0 0.50859375 0.5875 0.1859375 0.46875
0 0.40078125 0.28046875 0.053125 0.09140625
0 0.72109375 0.25859375 0.0859375 0.125
0 0.875 0.39296875 0.0609375 0.11015625
0 0.86484375 0.20390625 0.0875 0.13984375
0 0.20859375 0.071875 0.05625 0.075
0 0.84375 0.43125 0.0609375 0.09765625
0 0.37109375 0.54453125 0.0875 0.33125
0 0.77734375 0.421875 0.0875 0.11875
0 0.1421875 0.42890625 0.0796875 0.1125
0 0.05234375 0.58203125 0.1046875 0.47265625
0 0.2140625 0.42890625 0.0703125 0.1125
0 0.50625 0.27421875 0.0546875 0.17421875
0 0.5859375 0.371875 0.07578125 0.21640625
0 0.68046875 0.615625 0.0875 0.2484375
0 0.7890625 0.6109375 0.09921875 0.2390625