0 0.51328125 0.75234375 0.0625 0.13125
0 0.6125 0.7484375 0.03984375 0.121875
0 0.059375 0.72109375 0.03359375 0.0921875
0 0.26796875 0.71875 0.03125 0.071875
0 0.309375 0.71640625 0.03125 0.065625
0 0.86875 0.82890625 0.12109375 0.246875
0 0.92890625 0.7265625 0.03125 0.071875
0 0.95625 0.72578125 0.02890625 0.0734375
0 0.81875 0.7265625 0.03515625 0.0640625
0 0.775 0.72109375 0.03515625 0.0671875
0 0.55390625 0.74453125 0.04140625 0.09375
0 0.25703125 0.71640625 0.025 0.06875
0 0.803125 0.72109375 0.0125 0.059375