0 0.19765625 0.6734375 0.09375 0.38203125
0 0.334375 0.70859375 0.115625 0.4171875
0 0.10078125 0.5609375 0.0515625 0.225
0 0.590625 0.7296875 0.1390625 0.421875
0 0.57890625 0.3125 0.109375 0.16875
0 0.7625 0.671875 0.0859375 0.3
0 0.9 0.65234375 0.0875 0.34921875
0 0.96875 0.659375 0.0625 0.35390625
0 0.8375 0.603125 0.034375 0.07265625
0 0.8375 0.65078125 0.0546875 0.09375
0 0.57578125 0.30234375 0.1734375 0.31171875
0 0.0515625 0.66328125 0.065625 0.30703125
0 0.4125 0.66484375 0.03046875 0.26875
0 0.10859375 0.69765625 0.05 0.32421875