0 0.215625 0.578125 0.0125 0.03515625
0 0.54140625 0.64921875 0.0234375 0.07265625
0 0.06796875 0.78359375 0.0515625 0.13984375
0 0.578125 0.659375 0.0359375 0.07265625
0 0.27578125 0.57265625 0.0125 0.05390625
0 0.2453125 0.57421875 0.0109375 0.02734375
0 0.80625 0.65859375 0.0140625 0.075
0 0.8875 0.65859375 0.01875 0.07734375
0 0.47890625 0.57734375 0.0078125 0.0375
0 0.50234375 0.57421875 0.0125 0.03984375
0 0.82109375 0.6625 0.0171875 0.07265625
0 0.91328125 0.6625 0.025 0.07109375
0 0.7953125 0.615625 0.0140625 0.0609375