0 0.63515625 0.66640625 0.29765625 0.6453125
0 0.94375 0.79296875 0.11171875 0.38671875
0 0.29921875 0.54375 0.1421875 0.584375
0 0.14921875 0.5078125 0.1296875 0.6078125
0 0.6578125 0.21328125 0.084375 0.1734375
0 0.7703125 0.565625 0.16171875 0.63203125
0 0.89921875 0.63046875 0.078125 0.34375
0 0.93125 0.54140625 0.08984375 0.23984375
0 0.21484375 0.4078125 0.0703125 0.54140625
0 0.58515625 0.35859375 0.13828125 0.37890625
0 0.35 0.153125 0.0796875 0.27734375
0 0.81171875 0.29609375 0.03984375 0.10703125
0 0.02109375 0.18671875 0.0421875 0.19765625