0 0.18984375 0.55859375 0.25625 0.86171875
0 0.06953125 0.23984375 0.05 0.16640625
0 0.5796875 0.41015625 0.1546875 0.5640625
0 0.53984375 0.60625 0.115625 0.60390625
0 0.75546875 0.56875 0.146875 0.6671875
0 0.896875 0.5640625 0.196875 0.87109375
0 0.8953125 0.21640625 0.2 0.4328125
0 0.05625 0.540625 0.1125 0.6765625
0 0.39453125 0.4671875 0.1640625 0.7609375
0 0.6078125 0.17890625 0.0421875 0.12421875
0 0.3 0.2765625 0.0453125 0.19453125
0 0.45546875 0.22578125 0.0359375 0.1453125
0 0.50234375 0.22265625 0.071875 0.20625