0 0.58828125 0.53515625 0.0578125 0.13984375
0 0.734375 0.496875 0.03984375 0.13125
0 0.76875 0.49296875 0.0359375 0.134375
0 0.8453125 0.5 0.04609375 0.13671875
0 0.890625 0.48984375 0.02421875 0.10078125
0 0.178125 0.46953125 0.04375 0.1171875
0 0.153125 0.50703125 0.0421875 0.13984375
0 0.53984375 0.47734375 0.034375 0.1453125
0 0.79921875 0.50546875 0.02578125 0.13125
0 0.84609375 0.396875 0.028125 0.053125
0 0.62890625 0.48203125 0.03828125 0.12265625
0 0.390625 0.365625 0.01171875 0.0671875