0 0.51328125 0.609375 0.1375 0.16484375
0 0.74609375 0.6296875 0.1 0.25625
0 0.65078125 0.571875 0.04765625 0.175
0 0.79609375 0.55859375 0.07734375 0.203125
0 0.715625 0.5046875 0.03359375 0.05625
0 0.56328125 0.57890625 0.06796875 0.1640625
0 0.51953125 0.525 0.04140625 0.05
0 0.403125 0.5703125 0.0515625 0.103125
0 0.59375 0.575 0.03984375 0.115625
0 0.690625 0.6390625 0.09609375 0.2265625
0 0.68515625 0.5890625 0.04609375 0.1734375
0 0.47265625 0.5421875 0.05625 0.084375
0 0.34453125 0.56484375 0.08515625 0.10625