0 0.540625 0.6828125 0.06171875 0.20546875
0 0.80234375 0.72109375 0.0796875 0.253125
0 0.13515625 0.615625 0.0296875 0.125
0 0.4421875 0.8296875 0.11171875 0.30703125
0 0.33828125 0.615625 0.02578125 0.08828125
0 0.359375 0.60546875 0.01796875 0.06640625
0 0.515625 0.6203125 0.015625 0.04765625
0 0.74296875 0.6296875 0.01796875 0.06171875
0 0.95390625 0.65625 0.0203125 0.071875
0 0.4203125 0.6171875 0.01171875 0.04765625
0 0.02734375 0.60703125 0.0296875 0.090625
0 0.58828125 0.62265625 0.01015625 0.05625
0 0.99453125 0.646875 0.0109375 0.053125