0 0.6984375 0.58984375 0.1546875 0.28671875
0 0.609375 0.6234375 0.10625 0.16640625
0 0.49375 0.60546875 0.090625 0.23515625
0 0.77734375 0.3140625 0.03125 0.13984375
0 0.27734375 0.27578125 0.0546875 0.07109375
0 0.51640625 0.2484375 0.04375 0.05390625
0 0.46640625 0.25703125 0.05625 0.05625
0 0.15234375 0.23515625 0.0734375 0.16640625
0 0.346875 0.203125 0.0515625 0.078125
0 0.803125 0.084375 0.0484375 0.07109375
0 0.33046875 0.26953125 0.0421875 0.05390625
0 0.63984375 0.0578125 0.0390625 0.06640625
0 0.09140625 0.22890625 0.0515625 0.1890625
0 0.9640625 0.28359375 0.05390625 0.16796875
0 0.01484375 0.278125 0.0296875 0.11015625