0 0.43515625 0.45859375 0.0984375 0.38515625
0 0.35703125 0.32109375 0.0484375 0.09140625
0 0.17265625 0.21875 0.0390625 0.08984375
0 0.26640625 0.31640625 0.046875 0.08125
0 0.28515625 0.278125 0.04375 0.06875
0 0.70234375 0.28125 0.040625 0.0875
0 0.30390625 0.09140625 0.0359375 0.06875
0 0.27109375 0.09765625 0.0328125 0.075
0 0.2109375 0.153125 0.0390625 0.06015625
0 0.13203125 0.21875 0.046875 0.09375
0 0.775 0.33125 0.053125 0.08359375
0 0.73828125 0.29453125 0.053125 0.12265625
0 0.64453125 0.3375 0.053125 0.05859375