0 0.8859375 0.4375 0.04375 0.23671875
0 0.8484375 0.45078125 0.065625 0.23046875
0 0.23515625 0.39765625 0.046875 0.1921875
0 0.28046875 0.39921875 0.0515625 0.18203125
0 0.1296875 0.4359375 0.0390625 0.21328125
0 0.6453125 0.3421875 0.034375 0.0984375
0 0.08359375 0.44765625 0.0359375 0.21328125
0 0.12109375 0.3890625 0.0234375 0.05859375
0 0.6796875 0.35546875 0.0390625 0.0546875
0 0.70390625 0.34609375 0.034375 0.08125
0 0.7234375 0.3515625 0.0203125 0.0859375
0 0.75546875 0.42890625 0.046875 0.23046875
0 0.2109375 0.3828125 0.040625 0.1796875