0 0.55390625 0.42265625 0.21484375 0.40625
0 0.603125 0.26640625 0.07890625 0.13125
0 0.75078125 0.13828125 0.08125 0.10625
0 0.32421875 0.13984375 0.09140625 0.1046875
0 0.39765625 0.13984375 0.07265625 0.103125
0 0.67890625 0.13359375 0.08125 0.109375
0 0.534375 0.1515625 0.06640625 0.0828125
0 0.89453125 0.13671875 0.075 0.0984375
0 0.60625 0.0828125 0.07734375 0.071875
0 0.11640625 0.14765625 0.08984375 0.0984375
0 0.82734375 0.13515625 0.08984375 0.1140625
0 0.25546875 0.1421875 0.09609375 0.1046875