0 0.159375 0.60703125 0.040625 0.14765625
0 0.10625 0.6140625 0.040625 0.14765625
0 0.7375 0.5859375 0.0671875 0.35703125
0 0.52890625 0.46953125 0.0484375 0.07265625
0 0.72578125 0.44375 0.0546875 0.1171875
0 0.471875 0.47890625 0.0296875 0.0515625
0 0.44296875 0.4890625 0.0109375 0.028125
0 0.4203125 0.4890625 0.025 0.03515625
0 0.3734375 0.4984375 0.0203125 0.028125
0 0.39921875 0.49296875 0.0375 0.04453125
0 0.39296875 0.4890625 0.009375 0.0234375
0 0.5140625 0.47421875 0.0125 0.01875
0 0.490625 0.47890625 0.040625 0.05390625