0 0.38671875 0.57109375 0.0140625 0.075
0 0.63203125 0.57578125 0.021875 0.075
0 0.41015625 0.59609375 0.034375 0.12890625
0 0.6234375 0.56796875 0.0109375 0.07734375
0 0.68515625 0.584375 0.01875 0.09609375
0 0.0609375 0.73984375 0.121875 0.43515625
0 0.83203125 0.621875 0.046875 0.17265625
0 0.8859375 0.61953125 0.0484375 0.17734375
0 0.7375 0.590625 0.0171875 0.10859375
0 0.69921875 0.56015625 0.015625 0.06640625
0 0.88984375 0.61171875 0.0453125 0.17265625
0 0.78828125 0.60859375 0.040625 0.18359375
0 0.1203125 0.58046875 0.0265625 0.11015625