0 0.43671875 0.41484375 0.0984375 0.359375
0 0.54296875 0.7421875 0.2875 0.2203125
0 0.35 0.52109375 0.1140625 0.4765625
0 0.73203125 0.4359375 0.0609375 0.35625
0 0.21875 0.40078125 0.0734375 0.3234375
0 0.58359375 0.35234375 0.0171875 0.1421875
0 0.0671875 0.46640625 0.1234375 0.42890625
0 0.859375 0.41484375 0.034375 0.06953125
0 0.8140625 0.4390625 0.06875 0.14765625
0 0.15859375 0.30234375 0.0125 0.0671875
0 0.1109375 0.30078125 0.0109375 0.04765625
0 0.5640625 0.35078125 0.0296875 0.16171875
0 0.79765625 0.37890625 0.0328125 0.21484375
0 0.97734375 0.38046875 0.0453125 0.21484375