0 0.65 0.6859375 0.15234375 0.425
0 0.734375 0.7421875 0.22265625 0.503125
0 0.59765625 0.53984375 0.06015625 0.0640625
0 0.13828125 0.59296875 0.09765625 0.18125
0 0.85703125 0.53046875 0.0625 0.0875
0 0.83359375 0.5171875 0.04609375 0.0515625
0 0.2625 0.5421875 0.03359375 0.0609375
0 0.41484375 0.53359375 0.02734375 0.059375
0 0.45546875 0.5234375 0.02109375 0.0484375
0 0.49921875 0.5359375 0.02734375 0.0640625
0 0.38515625 0.53359375 0.01640625 0.04375
0 0.340625 0.53828125 0.02890625 0.0578125
0 0.40390625 0.525 0.01484375 0.040625
0 0.596875 0.590625 0.05625 0.1984375