0 0.37578125 0.61015625 0.1734375 0.74765625
0 0.29453125 0.2578125 0.1109375 0.47578125
0 0.19375 0.35234375 0.0828125 0.28046875
0 0.51796875 0.409375 0.11875 0.14765625
0 0.66796875 0.74609375 0.225 0.43046875
0 0.62421875 0.3359375 0.1234375 0.31171875
0 0.83203125 0.709375 0.2265625 0.54921875
0 0.96796875 0.41953125 0.040625 0.19296875
0 0.04375 0.3640625 0.084375 0.209375
0 0.83046875 0.4265625 0.0875 0.1703125
0 0.71328125 0.3296875 0.096875 0.3484375
0 0.490625 0.3015625 0.0671875 0.23828125