0 0.4 0.54140625 0.2078125 0.3875
0 0.19375 0.35625 0.05625 0.08515625
0 0.0875 0.31484375 0.046875 0.08984375
0 0.03515625 0.303125 0.0578125 0.08359375
0 0.628125 0.353125 0.0546875 0.1
0 0.35078125 0.25703125 0.0609375 0.13515625
0 0.39921875 0.228125 0.0453125 0.07734375
0 0.34453125 0.15 0.040625 0.075
0 0.64296875 0.23828125 0.040625 0.07890625
0 0.6859375 0.23359375 0.0421875 0.075
0 0.803125 0.3625 0.0609375 0.08984375
0 0.7984375 0.2875 0.046875 0.14140625
0 0.89921875 0.25625 0.0421875 0.06015625