0 0.103125 0.478125 0.0515625 0.3609375
0 0.30078125 0.58515625 0.259375 0.4875
0 0.26171875 0.4640625 0.09375 0.403125
0 0.35078125 0.31484375 0.0375 0.140625
0 0.47265625 0.45546875 0.1328125 0.41484375
0 0.51796875 0.44609375 0.059375 0.403125
0 0.57265625 0.45546875 0.0875 0.4265625
0 0.68359375 0.4015625 0.103125 0.3609375
0 0.85078125 0.434375 0.0796875 0.4359375
0 0.9546875 0.46640625 0.0890625 0.40546875
0 0.7984375 0.4640625 0.0875 0.4640625
0 0.6109375 0.31171875 0.05 0.14296875
0 0.38828125 0.4484375 0.08125 0.4265625
0 0.65 0.546875 0.134375 0.32578125
0 0.190625 0.471875 0.075 0.40078125
0 0.06953125 0.46640625 0.0796875 0.4453125