0 0.1078125 0.7609375 0.034375 0.15625
0 0.40703125 0.7296875 0.03203125 0.1171875
0 0.48671875 0.59140625 0.0203125 0.071875
0 0.37578125 0.725 0.034375 0.12890625
0 0.434375 0.7015625 0.028125 0.1140625
0 0.92890625 0.58671875 0.01796875 0.06875
0 0.5140625 0.59296875 0.01796875 0.06640625
0 0.60234375 0.51640625 0.01171875 0.05078125
0 0.759375 0.51484375 0.015625 0.0453125
0 0.7859375 0.60546875 0.0203125 0.078125
0 0.31484375 0.73125 0.03203125 0.13828125
0 0.45625 0.7 0.0203125 0.1140625
0 0.90078125 0.58828125 0.01796875 0.071875
0 0.6921875 0.61953125 0.02890625 0.08125