0 0.034375 0.6 0.0609375 0.18125
0 0.10234375 0.59921875 0.0640625 0.16640625
0 0.1703125 0.60078125 0.05625 0.1625
0 0.23828125 0.609375 0.0515625 0.14140625
0 0.3078125 0.60234375 0.0453125 0.16484375
0 0.37578125 0.59765625 0.05 0.16484375
0 0.43359375 0.61015625 0.0484375 0.16640625
0 0.52890625 0.60234375 0.05625 0.16015625
0 0.58515625 0.60625 0.0546875 0.16484375
0 0.48125 0.6 0.0453125 0.16484375
0 0.63828125 0.59375 0.0484375 0.15625
0 0.6890625 0.590625 0.0515625 0.16875
0 0.92734375 0.596875 0.0484375 0.14609375
0 0.7390625 0.60390625 0.04921875 0.14453125
0 0.7953125 0.59765625 0.04375 0.1640625
0 0.8375 0.5984375 0.04453125 0.15859375
0 0.8875 0.596875 0.05078125 0.15546875
0 0.978125 0.58515625 0.04375 0.16640625