0 0.240625 0.525 0.175 0.32109375
0 0.9328125 0.51875 0.046875 0.14765625
0 0.81875 0.453125 0.0078125 0.01953125
0 0.7328125 0.4953125 0.0390625 0.05625
0 0.61953125 0.4890625 0.028125 0.078125
0 0.58125 0.48046875 0.021875 0.0890625
0 0.54140625 0.4640625 0.0265625 0.03671875
0 0.8953125 0.4890625 0.034375 0.084375
0 0.86015625 0.4953125 0.0296875 0.10859375
0 0.4953125 0.45234375 0.025 0.0390625
0 0.790625 0.48515625 0.05625 0.0953125
0 0.14140625 0.425 0.0171875 0.06953125
0 0.06875 0.403125 0.01875 0.03671875