0 0.865625 0.90546875 0.2640625 0.1890625
0 0.196875 0.38984375 0.1390625 0.45078125
0 0.40390625 0.38984375 0.0875 0.3546875
0 0.45078125 0.44375 0.09375 0.2296875
0 0.55078125 0.4015625 0.1015625 0.2390625
0 0.55859375 0.5 0.1484375 0.22734375
0 0.278125 0.76640625 0.2078125 0.43671875
0 0.70859375 0.565625 0.109375 0.2515625
0 0.8578125 0.6703125 0.10625 0.29609375
0 0.2875 0.4515625 0.0796875 0.15
0 0.3453125 0.52109375 0.1046875 0.17578125
0 0.0625 0.33203125 0.11875 0.3828125
0 0.2234375 0.37890625 0.06328125 0.36328125
0 0.56875 0.26171875 0.0546875 0.19140625