0 0.81015625 0.46328125 0.071875 0.33515625
0 0.7703125 0.609375 0.10625 0.22734375
0 0.9359375 0.45859375 0.0703125 0.32109375
0 0.9703125 0.47421875 0.059375 0.51484375
0 0.67890625 0.44453125 0.0390625 0.09765625
0 0.27109375 0.44765625 0.03125 0.1125
0 0.4828125 0.45 0.034375 0.075
0 0.04140625 0.53046875 0.075 0.12734375
0 0.76796875 0.3625 0.046875 0.11640625
0 0.5828125 0.33203125 0.1953125 0.34375
0 0.89609375 0.47421875 0.06875 0.32265625
0 0.5703125 0.48515625 0.0390625 0.16640625
0 0.0671875 0.41796875 0.04609375 0.14765625
0 0.15546875 0.440625 0.05234375 0.17265625