0 0.48828125 0.48671875 0.371875 0.775
0 0.68125 0.56171875 0.25859375 0.3609375
0 0.89609375 0.65234375 0.2078125 0.16875
0 0.7046875 0.21640625 0.22109375 0.1859375
0 0.11015625 0.5296875 0.2203125 0.41875
0 0.2359375 0.22265625 0.2015625 0.1734375
0 0.7921875 0.16328125 0.109375 0.1234375
0 0.3609375 0.13671875 0.1578125 0.15
0 0.89609375 0.22109375 0.20546875 0.165625
0 0.453125 0.10078125 0.12890625 0.1109375
0 0.66640625 0.10859375 0.10703125 0.0984375
0 0.95703125 0.1578125 0.08515625 0.1546875