0 0.35234375 0.7453125 0.0921875 0.38828125
0 0.265625 0.740625 0.0796875 0.39765625
0 0.94453125 0.7109375 0.1109375 0.40625
0 0.79765625 0.56328125 0.04609375 0.18359375
0 0.72265625 0.55859375 0.034375 0.2140625
0 0.596875 0.540625 0.0140625 0.0484375
0 0.56484375 0.54375 0.01171875 0.0421875
0 0.528125 0.56640625 0.03984375 0.1234375
0 0.159375 0.60859375 0.04375 0.165625
0 0.62109375 0.56953125 0.02578125 0.09609375
0 0.54296875 0.5484375 0.01015625 0.0328125
0 0.48671875 0.55234375 0.01171875 0.02109375
0 0.125 0.6171875 0.0296875 0.14140625