0 0.45703125 0.12109375 0.03125 0.09765625
0 0.3671875 0.13125 0.0125 0.05625
0 0.50234375 0.12109375 0.0171875 0.0375
0 0.87421875 0.11953125 0.021875 0.09140625
0 0.58671875 0.13203125 0.0234375 0.03515625
0 0.6734375 0.11796875 0.03125 0.08359375
0 0.896875 0.12265625 0.0265625 0.075
0 0.53671875 0.12734375 0.0234375 0.06484375
0 0.69140625 0.115625 0.0125 0.06875
0 0.71171875 0.1 0.0125 0.05859375
0 0.64765625 0.13515625 0.0171875 0.02265625
0 0.27578125 0.303125 0.2296875 0.46484375
0 0.77734375 0.17265625 0.078125 0.03359375