0 0.50859375 0.725 0.025 0.15390625
0 0.2 0.73203125 0.01875 0.075
0 0.93125 0.71796875 0.0265625 0.07265625
0 0.97265625 0.73203125 0.0546875 0.22109375
0 0.22421875 0.72578125 0.0171875 0.04609375
0 0.35625 0.71171875 0.0171875 0.025
0 0.33203125 0.72578125 0.0140625 0.05859375
0 0.31171875 0.709375 0.0125 0.02734375
0 0.3875 0.70703125 0.009375 0.01875
0 0.6484375 0.71953125 0.034375 0.08515625
0 0.965625 0.73359375 0.065625 0.21640625
0 0.68515625 0.728125 0.0265625 0.05859375
0 0.71875 0.73125 0.0203125 0.05234375