0 0.62890625 0.75078125 0.0921875 0.46484375
0 0.3625 0.784375 0.1171875 0.4046875
0 0.6953125 0.7515625 0.09375 0.496875
0 0.41015625 0.67109375 0.2203125 0.33125
0 0.24453125 0.68125 0.0765625 0.271875
0 0.29296875 0.6578125 0.06875 0.284375
0 0.76875 0.7828125 0.1375 0.434375
0 0.54609375 0.6921875 0.08125 0.2953125
0 0.1421875 0.6484375 0.1015625 0.18515625
0 0.0609375 0.65703125 0.08125 0.16484375
0 0.53671875 0.53359375 0.0921875 0.27421875
0 0.89296875 0.7109375 0.1828125 0.578125
0 0.35625 0.603125 0.10859375 0.22890625