0 0.87578125 0.68515625 0.0921875 0.31015625
0 0.046875 0.67890625 0.09375 0.62109375
0 0.17421875 0.69140625 0.1609375 0.43984375
0 0.3484375 0.61328125 0.096875 0.42265625
0 0.24375 0.6625 0.090625 0.26640625
0 0.4328125 0.61328125 0.0578125 0.29609375
0 0.7 0.61875 0.05 0.25390625
0 0.80703125 0.56640625 0.0359375 0.15
0 0.6125 0.61171875 0.08125 0.30390625
0 0.746875 0.63046875 0.0453125 0.20234375
0 0.76328125 0.53671875 0.0453125 0.12265625
0 0.1546875 0.45546875 0.0328125 0.03984375
0 0.540625 0.61484375 0.11875 0.45