0 0.4734375 0.53828125 0.18125 0.42265625
0 0.34765625 0.37109375 0.0796875 0.2
0 0.1515625 0.36484375 0.0921875 0.40859375
0 0.52265625 0.215625 0.053125 0.14140625
0 0.55390625 0.4625 0.1140625 0.40234375
0 0.59140625 0.38203125 0.0984375 0.39609375
0 0.0328125 0.36953125 0.0625 0.375
0 0.91796875 0.16015625 0.0640625 0.15390625
0 0.73046875 0.1875 0.0375 0.17734375
0 0.7125 0.221875 0.04375 0.19609375
0 0.47265625 0.29375 0.059375 0.09375
0 0.825 0.509375 0.2265625 0.81640625
0 0.67890625 0.60546875 0.1390625 0.57890625