0 0.58984375 0.48671875 0.421875 0.88828125
0 0.75703125 0.4765625 0.140625 0.54140625
0 0.82421875 0.16796875 0.0484375 0.12109375
0 0.3078125 0.1640625 0.053125 0.13984375
0 0.225 0.20234375 0.06875 0.08359375
0 0.33671875 0.2140625 0.0765625 0.06796875
0 0.3953125 0.209375 0.0546875 0.09296875
0 0.73515625 0.19921875 0.0671875 0.0984375
0 0.85703125 0.21484375 0.075 0.08359375
0 0.64609375 0.0703125 0.0703125 0.13671875
0 0.97109375 0.2140625 0.0578125 0.096875
0 0.8875 0.19296875 0.053125 0.1234375