0 0.58828125 0.7359375 0.14765625 0.4125
0 0.08046875 0.7328125 0.15 0.35
0 0.86015625 0.6671875 0.04609375 0.065625
0 0.92109375 0.66953125 0.03515625 0.065625
0 0.21640625 0.71171875 0.07890625 0.1640625
0 0.39921875 0.69609375 0.03984375 0.06875
0 0.28671875 0.70234375 0.09375 0.125
0 0.3375 0.6875 0.03515625 0.0796875
0 0.72578125 0.67265625 0.01484375 0.021875
0 0.81328125 0.675 0.01484375 0.0234375
0 0.98046875 0.6625 0.02890625 0.0703125
0 0.44140625 0.69296875 0.05234375 0.0640625
0 0.75078125 0.6671875 0.04140625 0.0859375