0 0.496875 0.5734375 0.40078125 0.5625
0 0.1078125 0.590625 0.15390625 0.39375
0 0.94921875 0.5328125 0.1015625 0.0921875
0 0.8765625 0.440625 0.11015625 0.10625
0 0.76015625 0.29453125 0.04375 0.0375
0 0.91875 0.28984375 0.10546875 0.0640625
0 0.86171875 0.5375 0.1203125 0.090625
0 0.74375 0.5328125 0.12265625 0.0875
0 0.6875 0.50625 0.07890625 0.1046875
0 0.74375 0.45390625 0.075 0.0921875
0 0.7984375 0.4984375 0.0828125 0.1125
0 0.684375 0.30546875 0.09140625 0.0453125
0 0.95703125 0.45625 0.0859375 0.09375