0 0.51875 0.715625 0.178125 0.49140625
0 0.12421875 0.57421875 0.0390625 0.11015625
0 0.2640625 0.63125 0.0703125 0.22734375
0 0.31796875 0.64375 0.0765625 0.26484375
0 0.3921875 0.60703125 0.0828125 0.20625
0 0.42890625 0.67890625 0.1046875 0.36640625
0 0.91796875 0.51875 0.0765625 0.17109375
0 0.790625 0.52109375 0.046875 0.10859375
0 0.8609375 0.52109375 0.04375 0.12265625
0 0.95703125 0.540625 0.05625 0.1125
0 0.35859375 0.54609375 0.0328125 0.06484375
0 0.71875 0.49765625 0.015625 0.025
0 0.25078125 0.61328125 0.0421875 0.18984375