0 0.33671875 0.50390625 0.10625 0.51484375
0 0.6609375 0.52890625 0.128125 0.48359375
0 0.5109375 0.46796875 0.178125 0.38515625
0 0.50546875 0.52265625 0.1015625 0.48359375
0 0.2390625 0.30703125 0.00625 0.01015625
0 0.23671875 0.28984375 0.0046875 0.00390625
0 0.1125 0.284375 0.003125 0.00859375
0 0.0953125 0.278125 0.0046875 0.00625
0 0.93046875 0.33046875 0.0171875 0.01484375
0 0.15078125 0.28203125 0.00625 0.00625
0 0.98125 0.36171875 0.0046875 0.00390625
0 0.93984375 0.35078125 0.0046875 0.00390625
0 0.88984375 0.34609375 0.00625 0.00625