0 0.790625 0.85234375 0.025 0.11328125
0 0.7375 0.834375 0.021875 0.07109375
0 0.584375 0.7296875 0.0296875 0.07109375
0 0.490625 0.7171875 0.0125 0.0609375
0 0.55390625 0.7375 0.028125 0.0859375
0 0.70546875 0.85234375 0.021875 0.06796875
0 0.95078125 0.82109375 0.0203125 0.053125
0 0.78515625 0.7484375 0.0171875 0.06796875
0 0.77734375 0.69453125 0.009375 0.0328125
0 0.3140625 0.73359375 0.009375 0.01796875
0 0.478125 0.725 0.0109375 0.0328125
0 0.221875 0.7171875 0.0171875 0.05078125
0 0.6625 0.7125 0.0203125 0.065625