0 0.50390625 0.74375 0.115625 0.3125
0 0.43203125 0.44453125 0.0546875 0.08984375
0 0.48671875 0.446875 0.0578125 0.08515625
0 0.4796875 0.49609375 0.05 0.05234375
0 0.35 0.13671875 0.0453125 0.11640625
0 0.30703125 0.12734375 0.0578125 0.14375
0 0.5 0.13359375 0.065625 0.13515625
0 0.9078125 0.48203125 0.08125 0.10625
0 0.48046875 0.06015625 0.0390625 0.07890625
0 0.5859375 0.04921875 0.0625 0.09765625
0 0.66171875 0.45390625 0.059375 0.08984375
0 0.60546875 0.790625 0.0984375 0.18125
0 0.69921875 0.76171875 0.1078125 0.25625