0 0.5328125 0.47890625 0.7546875 0.484375
0 0.9421875 0.446875 0.115625 0.5125
0 0.69140625 0.13515625 0.1921875 0.134375
0 0.5171875 0.1640625 0.234375 0.2515625
0 0.2515625 0.79765625 0.44609375 0.4046875
0 0.24296875 0.2046875 0.246875 0.4078125
0 0.303125 0.19140625 0.16640625 0.3828125
0 0.82734375 0.38984375 0.21015625 0.4484375
0 0.76953125 0.31640625 0.18359375 0.24375
0 0.85234375 0.8578125 0.2953125 0.284375
0 0.8078125 0.18671875 0.08515625 0.0546875
0 0.9125 0.43203125 0.16171875 0.4703125
0 0.05390625 0.20078125 0.10703125 0.296875