0 0.63671875 0.51953125 0.7265625 0.94609375
0 0.103125 0.79453125 0.20625 0.41015625
0 0.3 0.59296875 0.046875 0.11875
0 0.09609375 0.55625 0.0140625 0.025
0 0.234375 0.740625 0.1890625 0.49609375
0 0.4421875 0.43515625 0.0265625 0.05
0 0.31796875 0.45 0.009375 0.02734375
0 0.11796875 0.63359375 0.0296875 0.08359375
0 0.15234375 0.57890625 0.0265625 0.04765625
0 0.134375 0.66171875 0.05625 0.11015625
0 0.09921875 0.60234375 0.0234375 0.04375
0 0.1203125 0.57734375 0.0234375 0.04140625
0 0.10546875 0.55859375 0.009375 0.02265625