0 0.66875 0.79140625 0.08515625 0.153125
0 0.5625 0.7546875 0.01484375 0.0328125
0 0.54140625 0.7671875 0.03125 0.071875
0 0.384375 0.86484375 0.075 0.2640625
0 0.24765625 0.8734375 0.12109375 0.25
0 0.178125 0.765625 0.04765625 0.0765625
0 0.07890625 0.87265625 0.12734375 0.2546875
0 0.60625 0.784375 0.04375 0.11875
0 0.9765625 0.8109375 0.046875 0.19375
0 0.28828125 0.76171875 0.04375 0.05
0 0.02578125 0.834375 0.0515625 0.203125
0 0.37578125 0.76171875 0.03359375 0.0453125
0 0.13671875 0.734375 0.025 0.021875