0 0.5328125 0.534375 0.0375 0.075
0 0.7296875 0.53046875 0.0296875 0.05390625
0 0.8359375 0.57421875 0.0546875 0.15
0 0.7734375 0.63984375 0.071875 0.09375
0 0.38828125 0.746875 0.125 0.15390625
0 0.496875 0.621875 0.0515625 0.06640625
0 0.42890625 0.63828125 0.071875 0.07734375
0 0.49765625 0.71796875 0.06875 0.14140625
0 0.6921875 0.809375 0.1421875 0.22890625
0 0.2125 0.80234375 0.2015625 0.2
0 0.55859375 0.57734375 0.0328125 0.1375
0 0.4046875 0.91015625 0.1734375 0.17734375
0 0.50390625 0.54921875 0.0359375 0.05859375
0 0.0328125 0.6890625 0.06484375 0.3328125
0 0.02578125 0.8390625 0.0515625 0.18515625
0 0.88359375 0.71328125 0.0734375 0.15390625
0 0.659375 0.65078125 0.0640625 0.1171875