0 0.87109375 0.54765625 0.06171875 0.275
0 0.17734375 0.571875 0.05234375 0.184375
0 0.9671875 0.53359375 0.0578125 0.2640625
0 0.11171875 0.5453125 0.0359375 0.17578125
0 0.05703125 0.55625 0.05234375 0.2
0 0.69609375 0.57734375 0.034375 0.165625
0 0.54921875 0.42265625 0.1359375 0.52265625
0 0.921875 0.53359375 0.06015625 0.26640625
0 0.9171875 0.4734375 0.04765625 0.09609375
0 0.21328125 0.53828125 0.04375 0.2109375
0 0.146875 0.54765625 0.0421875 0.2078125
0 0.03125 0.4703125 0.03828125 0.08828125
0 0.23515625 0.56796875 0.03984375 0.215625