0 0.709375 0.69609375 0.1375 0.57734375
0 0.6953125 0.25703125 0.034375 0.14375
0 0.54140625 0.29375 0.053125 0.16484375
0 0.2015625 0.25546875 0.0375 0.12265625
0 0.5140625 0.14921875 0.0390625 0.04765625
0 0.41015625 0.11640625 0.028125 0.05625
0 0.340625 0.14765625 0.0359375 0.04140625
0 0.31953125 0.12578125 0.0328125 0.07890625
0 0.6109375 0.275 0.0453125 0.15
0 0.36328125 0.065625 0.0296875 0.05390625
0 0.38203125 0.1125 0.0203125 0.03515625
0 0.29453125 0.15 0.03125 0.02890625
0 0.96875 0.2359375 0.02578125 0.08984375
0 0.99140625 0.24296875 0.0171875 0.08515625
0 0.95 0.225 0.02421875 0.10703125
0 0.8484375 0.253125 0.03125 0.14609375
0 0.7578125 0.19609375 0.034375 0.04453125
0 0.7859375 0.19765625 0.02890625 0.0421875
0 0.82109375 0.19453125 0.0359375 0.04453125