0 0.13046875 0.55703125 0.028125 0.0796875
0 0.03984375 0.8296875 0.0671875 0.340625
0 0.30703125 0.72578125 0.1109375 0.309375
0 0.06953125 0.603125 0.0453125 0.09609375
0 0.10078125 0.5609375 0.0484375 0.103125
0 0.15625 0.6203125 0.053125 0.1640625
0 0.15546875 0.51015625 0.0484375 0.11484375
0 0.17109375 0.4484375 0.0265625 0.1125
0 0.06875 0.7578125 0.0484375 0.30703125
0 0.23046875 0.4875 0.0265625 0.11953125
0 0.01875 0.60625 0.0375 0.1171875
0 0.309375 0.38671875 0.0265625 0.10546875
0 0.0203125 0.69921875 0.0390625 0.17109375