0 0.9234375 0.64921875 0.071875 0.13984375
0 0.7953125 0.7265625 0.046875 0.25546875
0 0.603125 0.65703125 0.0328125 0.12265625
0 0.696875 0.6359375 0.03125 0.09921875
0 0.70859375 0.69140625 0.0609375 0.09453125
0 0.971875 0.71953125 0.040625 0.2578125
0 0.72109375 0.640625 0.025 0.0921875
0 0.74609375 0.64296875 0.015625 0.10625
0 0.78984375 0.615625 0.015625 0.05234375
0 0.84296875 0.7171875 0.0625 0.28359375
0 0.85703125 0.621875 0.0203125 0.05
0 0.8875 0.62734375 0.03125 0.07578125
0 0.9125 0.60546875 0.01875 0.0375