0 0.2453125 0.79453125 0.09375 0.38515625
0 0.30078125 0.68984375 0.0296875 0.14140625
0 0.70234375 0.7125 0.0421875 0.20234375
0 0.63515625 0.66640625 0.0328125 0.11640625
0 0.9234375 0.71640625 0.08125 0.24375
0 0.3265625 0.71328125 0.0546875 0.18515625
0 0.3546875 0.71328125 0.025 0.17265625
0 0.3890625 0.68828125 0.0296875 0.09609375
0 0.47734375 0.68671875 0.040625 0.14765625
0 0.16640625 0.68125 0.0359375 0.1125
0 0.08984375 0.71484375 0.0390625 0.15859375
0 0.196875 0.70546875 0.0234375 0.09765625
0 0.73125 0.70703125 0.0375 0.18359375