0 0.6296875 0.51875 0.54140625 0.7546875
0 0.4921875 0.40859375 0.38359375 0.5984375
0 0.04765625 0.10859375 0.08984375 0.1375
0 0.1984375 0.07734375 0.040625 0.0671875
0 0.39609375 0.05234375 0.01484375 0.0265625
0 0.41015625 0.05078125 0.01640625 0.025
0 0.31015625 0.046875 0.01328125 0.0171875
0 0.0296875 0.06015625 0.01953125 0.0296875
0 0.02578125 0.0875 0.03125 0.071875
0 0.4328125 0.0515625 0.01328125 0.03125
0 0.15078125 0.0515625 0.02109375 0.01875
0 0.0109375 0.0765625 0.02109375 0.071875
0 0.2328125 0.04375 0.01328125 0.0375