0 0.83515625 0.35703125 0.0921875 0.13125
0 0.36796875 0.71953125 0.4015625 0.49375
0 0.48046875 0.44140625 0.1203125 0.2
0 0.74140625 0.46328125 0.0984375 0.20859375
0 0.83828125 0.49453125 0.1078125 0.17890625
0 0.82421875 0.75078125 0.2046875 0.475
0 0.60625 0.8078125 0.321875 0.384375
0 0.11015625 0.6375 0.2046875 0.50234375
0 0.10546875 0.32890625 0.0703125 0.09140625
0 0.63984375 0.45546875 0.1125 0.1875
0 0.18125 0.35 0.065625 0.18359375
0 0.07890625 0.315625 0.0671875 0.12734375
0 0.2234375 0.340625 0.0796875 0.10625