0 0.6859375 0.38984375 0.628125 0.7359375
0 0.0828125 0.7171875 0.1625 0.4671875
0 0.0390625 0.43125 0.053125 0.128125
0 0.30078125 0.85234375 0.2984375 0.2953125
0 0.13671875 0.72578125 0.121875 0.36015625
0 0.2375 0.5984375 0.075 0.19375
0 0.32265625 0.7671875 0.1015625 0.29921875
0 0.3296875 0.646875 0.0875 0.28984375
0 0.45234375 0.86171875 0.1171875 0.2765625
0 0.53671875 0.8875 0.1203125 0.22421875
0 0.6421875 0.8890625 0.11875 0.20078125
0 0.22109375 0.54921875 0.0328125 0.065625
0 0.38671875 0.81640625 0.0484375 0.121875
0 0.63125 0.75546875 0.0796875 0.36953125
0 0.965625 0.740625 0.06875 0.4953125
0 0.8578125 0.8546875 0.14921875 0.24375