0 0.6171875 0.6 0.0734375 0.25390625
0 0.51015625 0.62578125 0.1015625 0.22265625
0 0.3921875 0.44921875 0.0453125 0.08359375
0 0.35 0.44296875 0.0359375 0.10390625
0 0.2421875 0.47265625 0.059375 0.28125
0 0.1734375 0.46015625 0.0328125 0.13984375
0 0.33046875 0.47578125 0.025 0.04140625
0 0.23828125 0.49453125 0.09375 0.23515625
0 0.30546875 0.4625 0.0296875 0.04140625
0 0.21484375 0.365625 0.03125 0.05390625
0 0.1859375 0.37421875 0.0203125 0.04375
0 0.1390625 0.44765625 0.0484375 0.18359375
0 0.02578125 0.40546875 0.0515625 0.12890625