0 0.49921875 0.51015625 0.021875 0.03359375
0 0.534375 0.40703125 0.040625 0.078125
0 0.94296875 0.85234375 0.065625 0.21953125
0 0.575 0.93125 0.0484375 0.0765625
0 0.05078125 0.76953125 0.046875 0.184375
0 0.13203125 0.4953125 0.0140625 0.0609375
0 0.49453125 0.51484375 0.0671875 0.10234375
0 0.8234375 0.60859375 0.06875 0.15859375
0 0.83671875 0.45078125 0.0640625 0.11015625
0 0.59296875 0.50703125 0.0390625 0.07265625
0 0.98359375 0.528125 0.0328125 0.11796875
0 0.0625 0.74375 0.0375 0.184375
0 0.075 0.55703125 0.0296875 0.07421875