0 0.525 0.54609375 0.2328125 0.51015625
0 0.7359375 0.59296875 0.2015625 0.3125
0 0.78125 0.26640625 0.071875 0.08359375
0 0.2453125 0.2 0.065625 0.11875
0 0.325 0.16484375 0.0578125 0.10625
0 0.35703125 0.12578125 0.0703125 0.10625
0 0.39296875 0.06484375 0.04375 0.1125
0 0.43046875 0.21484375 0.078125 0.17265625
0 0.3734375 0.23984375 0.0671875 0.15234375
0 0.27734375 0.23828125 0.071875 0.1625
0 0.846875 0.09375 0.1015625 0.14140625
0 0.8828125 0.24921875 0.1015625 0.10390625
0 0.125 0.27109375 0.0734375 0.10859375
0 0.8953125 0.528125 0.17265625 0.44375
0 0.0453125 0.26875 0.090625 0.10859375
0 0.70078125 0.1765625 0.10078125 0.1953125
0 0.5296875 0.15390625 0.05234375 0.17734375
0 0.48359375 0.1953125 0.0671875 0.17265625
0 0.68828125 0.25703125 0.08359375 0.1
0 0.5765625 0.1359375 0.09375 0.271875