0 0.73125 0.57578125 0.0390625 0.159375
0 0.5640625 0.48359375 0.021875 0.0984375
0 0.5859375 0.48125 0.015625 0.09375
0 0.68125 0.48984375 0.0265625 0.10078125
0 0.7265625 0.48359375 0.025 0.06328125
0 0.984375 0.5359375 0.03125 0.14765625
0 0.48046875 0.5359375 0.0375 0.1453125
0 0.76640625 0.4671875 0.0140625 0.046875
0 0.89296875 0.6765625 0.059375 0.1828125
0 0.89453125 0.5375 0.034375 0.14296875
0 0.75390625 0.559375 0.025 0.13359375
0 0.78515625 0.5125 0.034375 0.11953125
0 0.8109375 0.48125 0.021875 0.1078125