0 0.85703125 0.83046875 0.0484375 0.1921875
0 0.80234375 0.85390625 0.0765625 0.2203125
0 0.76640625 0.8703125 0.034375 0.21328125
0 0.671875 0.86640625 0.0734375 0.196875
0 0.678125 0.8125 0.0421875 0.12890625
0 0.58828125 0.8421875 0.05625 0.2296875
0 0.53828125 0.846875 0.046875 0.20390625
0 0.4953125 0.7984375 0.0234375 0.11953125
0 0.97890625 0.8546875 0.0421875 0.2390625
0 0.278125 0.82421875 0.0359375 0.2109375
0 0.22109375 0.821875 0.040625 0.18515625
0 0.2015625 0.7890625 0.025 0.1171875
0 0.46953125 0.8234375 0.0421875 0.2109375