0 0.89296875 0.50234375 0.1140625 0.40234375
0 0.55859375 0.340625 0.0453125 0.1265625
0 0.62421875 0.40390625 0.0546875 0.13984375
0 0.75 0.56328125 0.13125 0.25859375
0 0.7671875 0.39375 0.103125 0.18125
0 0.721875 0.29453125 0.059375 0.1359375
0 0.95078125 0.375 0.0484375 0.1484375
0 0.1609375 0.57734375 0.1546875 0.753125
0 0.115625 0.38984375 0.0609375 0.2359375
0 0.37578125 0.4859375 0.071875 0.1578125
0 0.4734375 0.428125 0.0921875 0.25859375
0 0.63984375 0.4890625 0.0671875 0.146875
0 0.81953125 0.38203125 0.059375 0.12265625