0 0.34453125 0.56171875 0.315625 0.79453125
0 0.7171875 0.359375 0.5078125 0.71484375
0 0.059375 0.45703125 0.115625 0.73828125
0 0.16328125 0.09375 0.0796875 0.11875
0 0.38671875 0.1296875 0.084375 0.153125
0 0.25078125 0.096875 0.0875 0.14921875
0 0.590625 0.3390625 0.09375 0.2265625
0 0.684375 0.2734375 0.0546875 0.07109375
0 0.4421875 0.096875 0.1078125 0.18984375
0 0.2265625 0.36953125 0.0765625 0.20546875
0 0.2828125 0.240625 0.053125 0.10546875
0 0.95078125 0.26796875 0.06875 0.24375
0 0.5171875 0.20390625 0.0796875 0.14453125