0 0.146875 0.60234375 0.1046875 0.32109375
0 0.78359375 0.503125 0.0140625 0.04375
0 0.478125 0.5 0.025 0.05390625
0 0.5796875 0.51171875 0.078125 0.20234375
0 0.14140625 0.48203125 0.0421875 0.12109375
0 0.6640625 0.5125 0.1140625 0.18515625
0 0.43984375 0.50390625 0.0171875 0.04609375
0 0.11171875 0.490625 0.03125 0.07890625
0 0.95 0.5 0.0296875 0.05625
0 0.6015625 0.49140625 0.0390625 0.10390625
0 0.87890625 0.52109375 0.08125 0.23984375
0 0.3890625 0.49765625 0.0890625 0.19140625
0 0.85 0.484375 0.06875 0.11875