0 0.2078125 0.79375 0.3203125 0.40625
0 0.40703125 0.80078125 0.23203125 0.375
0 0.58125 0.82109375 0.171875 0.346875
0 0.7890625 0.80625 0.2578125 0.378125
0 0.9078125 0.8078125 0.184375 0.3625
0 0.115625 0.73515625 0.1671875 0.225
0 0.0546875 0.725 0.1 0.1375
0 0.6625 0.6953125 0.053125 0.1125
0 0.7125 0.67421875 0.053125 0.07578125
0 0.49765625 0.70234375 0.03046875 0.0796875
0 0.9015625 0.66875 0.04375 0.0578125
0 0.85234375 0.65859375 0.03515625 0.0453125
0 0.8234375 0.65546875 0.03515625 0.0484375