0 0.33671875 0.58515625 0.071875 0.38125
0 0.51875 0.5875 0.09375 0.43359375
0 0.65390625 0.57890625 0.0703125 0.40234375
0 0.615625 0.49609375 0.0484375 0.17265625
0 0.73359375 0.55546875 0.071875 0.30390625
0 0.853125 0.496875 0.0421875 0.18359375
0 0.2046875 0.565625 0.078125 0.42734375
0 0.921875 0.52734375 0.0734375 0.25859375
0 0.98203125 0.52265625 0.0359375 0.2625
0 0.48359375 0.66796875 0.03125 0.12109375
0 0.41171875 0.60625 0.0734375 0.31875
0 0.48671875 0.503125 0.0390625 0.19765625
0 0.3203125 0.5609375 0.06015625 0.375