0 0.175 0.2875 0.03125 0.06484375
0 0.9328125 0.40234375 0.134375 0.48984375
0 0.33984375 0.28359375 0.0359375 0.0875
0 0.41015625 0.275 0.0484375 0.11015625
0 0.48515625 0.28046875 0.0421875 0.07734375
0 0.86328125 0.41171875 0.046875 0.08984375
0 0.665625 0.28984375 0.0265625 0.07109375
0 0.7546875 0.30078125 0.0421875 0.075
0 0.7734375 0.28046875 0.0296875 0.06875
0 0.81171875 0.4125 0.05625 0.08359375
0 0.44375 0.39609375 0.046875 0.10234375
0 0.80859375 0.29140625 0.034375 0.06015625
0 0.5484375 0.39453125 0.059375 0.10390625