0 0.29140625 0.4234375 0.040625 0.1703125
0 0.22421875 0.428125 0.1453125 0.7703125
0 0.08828125 0.4859375 0.0734375 0.240625
0 0.12578125 0.45078125 0.0296875 0.10703125
0 0.15859375 0.4125 0.04375 0.1796875
0 0.621875 0.4484375 0.0328125 0.1140625
0 0.81171875 0.62109375 0.225 0.6671875
0 0.68984375 0.45625 0.0625 0.28671875
0 0.896875 0.36875 0.015625 0.05703125
0 0.54609375 0.36796875 0.0140625 0.06328125
0 0.42265625 0.41875 0.071875 0.18125
0 0.378125 0.41796875 0.05 0.1796875
0 0.05234375 0.471875 0.0234375 0.0828125
0 0.5875 0.39921875 0.0359375 0.17265625
0 0.6359375 0.3875 0.03046875 0.15625