0 0.35 0.6890625 0.0140625 0.0390625
0 0.60390625 0.6515625 0.021875 0.0390625
0 0.20703125 0.6921875 0.0296875 0.0453125
0 0.63515625 0.67109375 0.01796875 0.0328125
0 0.375 0.68046875 0.034375 0.06328125
0 0.55 0.646875 0.0203125 0.05390625
0 0.22421875 0.67734375 0.015625 0.02734375
0 0.1796875 0.70859375 0.0203125 0.05078125
0 0.1171875 0.6453125 0.01796875 0.02734375
0 0.60390625 0.71796875 0.015625 0.08125
0 0.6203125 0.6484375 0.0203125 0.0390625
0 0.65390625 0.63828125 0.0140625 0.0484375
0 0.65625 0.67265625 0.02421875 0.0421875