0 0.15390625 0.17421875 0.09375 0.1875
0 0.115625 0.32421875 0.1609375 0.2875
0 0.471875 0.14296875 0.0203125 0.03984375
0 0.50625 0.18671875 0.0484375 0.14375
0 0.4046875 0.171875 0.0546875 0.13125
0 0.5484375 0.14375 0.0359375 0.06484375
0 0.24765625 0.18203125 0.0390625 0.14140625
0 0.640625 0.13359375 0.0328125 0.03125
0 0.32421875 0.17421875 0.034375 0.14140625
0 0.59765625 0.128125 0.0484375 0.04765625
0 0.10625 0.14921875 0.04375 0.13359375
0 0.040625 0.14453125 0.0171875 0.05859375
0 0.01640625 0.175 0.0296875 0.12109375
0 0.8265625 0.15546875 0.04140625 0.10234375