0 0.81875 0.596875 0.246875 0.80625
0 0.6046875 0.62890625 0.246875 0.71640625
0 0.41875 0.6234375 0.228125 0.753125
0 0.18671875 0.59765625 0.2765625 0.78359375
0 0.0578125 0.365625 0.0890625 0.28359375
0 0.0453125 0.57265625 0.090625 0.82265625
0 0.45546875 0.33671875 0.2 0.33359375
0 0.5234375 0.290625 0.0421875 0.13125
0 0.634375 0.26328125 0.046875 0.1125
0 0.8734375 0.31953125 0.084375 0.19140625
0 0.96640625 0.415625 0.0625 0.4
0 0.09453125 0.3640625 0.09375 0.28984375
0 0.6578125 0.3390625 0.07265625 0.25
0 0.90703125 0.3515625 0.04765625 0.2421875