0 0.60859375 0.534375 0.05234375 0.13046875
0 0.6890625 0.51328125 0.05703125 0.08671875
0 0.83203125 0.52109375 0.075 0.1
0 0.94140625 0.515625 0.04375 0.103125
0 0.1828125 0.50234375 0.0296875 0.08203125
0 0.5015625 0.48515625 0.0328125 0.0765625
0 0.41875 0.49765625 0.04609375 0.0796875
0 0.39609375 0.49765625 0.0359375 0.078125
0 0.26328125 0.4859375 0.05546875 0.06875
0 0.76171875 0.8609375 0.16640625 0.26640625
0 0.23984375 0.47109375 0.01796875 0.028125
0 0.52734375 0.47109375 0.02578125 0.05546875
0 0.96875 0.48125 0.02421875 0.06875