0 0.9171875 0.4828125 0.165625 0.315625
0 0.103125 0.54140625 0.20625 0.46015625
0 0.04296875 0.59140625 0.075 0.45234375
0 0.1046875 0.3828125 0.12734375 0.1703125
0 0.40625 0.4171875 0.07109375 0.12734375
0 0.47734375 0.40625 0.05234375 0.1078125
0 0.51484375 0.40625 0.0453125 0.10234375
0 0.5765625 0.40859375 0.0859375 0.1453125
0 0.4421875 0.40859375 0.0375 0.0953125
0 0.72109375 0.37734375 0.0484375 0.0546875
0 0.33515625 0.4171875 0.09375 0.0921875
0 0.64765625 0.3765625 0.06015625 0.0328125
0 0.40625 0.43515625 0.05625 0.14765625