0 0.2453125 0.5859375 0.3359375 0.48359375
0 0.6359375 0.48046875 0.15 0.4953125
0 0.7890625 0.5046875 0.15234375 0.39609375
0 0.871875 0.55390625 0.18828125 0.31796875
0 0.94921875 0.1921875 0.078125 0.12890625
0 0.934375 0.12890625 0.08203125 0.18046875
0 0.51484375 0.153125 0.10390625 0.17109375
0 0.4328125 0.159375 0.08984375 0.15625
0 0.2890625 0.315625 0.0859375 0.1234375
0 0.32578125 0.16953125 0.09765625 0.153125
0 0.85390625 0.2984375 0.0921875 0.15
0 0.23671875 0.2265625 0.07578125 0.17421875
0 0.13203125 0.146875 0.13203125 0.17734375