0 0.04453125 0.71953125 0.0890625 0.53125
0 0.1125 0.68671875 0.0953125 0.3484375
0 0.55078125 0.7296875 0.0875 0.3328125
0 0.75390625 0.73125 0.059375 0.2296875
0 0.625 0.72109375 0.0671875 0.32109375
0 0.67734375 0.7296875 0.0609375 0.28125
0 0.7078125 0.70546875 0.046875 0.2546875
0 0.82578125 0.73203125 0.071875 0.2703125
0 0.2671875 0.73125 0.1671875 0.48203125
0 0.15859375 0.67421875 0.0453125 0.3484375
0 0.37265625 0.6671875 0.0671875 0.29453125
0 0.4234375 0.63203125 0.109375 0.3796875
0 0.69765625 0.43359375 0.06640625 0.2484375
0 0.6046875 0.540625 0.08671875 0.18515625
0 0.903125 0.728125 0.05078125 0.23203125