0 0.8859375 0.64765625 0.0234375 0.10078125
0 0.58671875 0.63359375 0.0296875 0.10546875
0 0.56484375 0.64296875 0.0203125 0.0984375
0 0.47265625 0.615625 0.0390625 0.0515625
0 0.65546875 0.528125 0.0171875 0.03984375
0 0.46484375 0.5421875 0.0171875 0.046875
0 0.50078125 0.5515625 0.025 0.0421875
0 0.540625 0.48046875 0.0078125 0.0328125
0 0.59375 0.43359375 0.0046875 0.02109375
0 0.22265625 0.55703125 0.03125 0.02578125
0 0.41171875 0.46484375 0.00625 0.03984375
0 0.40703125 0.45703125 0.0046875 0.0328125
0 0.76484375 0.615625 0.0390625 0.0609375