0 0.9203125 0.509375 0.1515625 0.95625
0 0.14765625 0.5859375 0.0984375 0.828125
0 0.225 0.6140625 0.1078125 0.771875
0 0.2890625 0.59765625 0.08125 0.8046875
0 0.3421875 0.58046875 0.0953125 0.8109375
0 0.42265625 0.57734375 0.1234375 0.7765625
0 0.70703125 0.58125 0.1171875 0.8375
0 0.55 0.578125 0.121875 0.7671875
0 0.64296875 0.55625 0.0796875 0.7921875
0 0.79375 0.56328125 0.1421875 0.86484375
0 0.48125 0.4921875 0.103125 0.86171875
0 0.06015625 0.5578125 0.1171875 0.85234375
0 0.596875 0.50234375 0.078125 0.809375