0 0.49375 0.58984375 0.0328125 0.09375
0 0.37890625 0.66484375 0.0625 0.3109375
0 0.071875 0.53515625 0.0328125 0.165625
0 0.615625 0.46484375 0.040625 0.12421875
0 0.58671875 0.48828125 0.021875 0.12578125
0 0.321875 0.51875 0.034375 0.203125
0 0.21015625 0.5234375 0.0375 0.1890625
0 0.53046875 0.540625 0.05625 0.18671875
0 0.48828125 0.4828125 0.0421875 0.16796875
0 0.459375 0.48828125 0.0375 0.1796875
0 0.7578125 0.540625 0.1890625 0.49765625
0 0.02265625 0.7921875 0.0453125 0.25703125
0 0.2546875 0.52109375 0.04375 0.16796875