0 0.225 0.55078125 0.0640625 0.28515625
0 0.1609375 0.52109375 0.065625 0.303125
0 0.3609375 0.63203125 0.06171875 0.13203125
0 0.57890625 0.51484375 0.05 0.240625
0 0.5046875 0.5078125 0.05234375 0.15625
0 0.671875 0.48203125 0.021875 0.10234375
0 0.303125 0.63046875 0.05625 0.1109375
0 0.35625 0.459375 0.01796875 0.06875
0 0.38671875 0.47109375 0.0296875 0.09921875
0 0.284375 0.48359375 0.034375 0.13203125
0 0.6203125 0.47109375 0.0296875 0.1234375
0 0.85234375 0.55078125 0.09609375 0.384375
0 0.415625 0.4703125 0.015625 0.084375
0 0.05859375 0.4671875 0.0625 0.140625