0 0.49921875 0.60078125 0.14765625 0.5328125
0 0.80390625 0.54375 0.14375 0.31015625
0 0.6078125 0.284375 0.0859375 0.15625
0 0.5328125 0.2875 0.06015625 0.14140625
0 0.47421875 0.2859375 0.0921875 0.159375
0 0.9171875 0.2859375 0.0796875 0.171875
0 0.27734375 0.32109375 0.065625 0.078125
0 0.1328125 0.31953125 0.06171875 0.06953125
0 0.0546875 0.31640625 0.05390625 0.0875
0 0.90390625 0.06484375 0.071875 0.1296875
0 0.52890625 0.19765625 0.078125 0.1625
0 0.52890625 0.09453125 0.0640625 0.11484375
0 0.58125 0.075 0.0578125 0.14140625
0 0.86875 0.2109375 0.08125 0.2125
0 0.1203125 0.2640625 0.0734375 0.1609375