0 0.2734375 0.2609375 0.3625 0.41328125
0 0.34296875 0.8859375 0.1125 0.228125
0 0.18828125 0.81015625 0.0625 0.23671875
0 0.1484375 0.72890625 0.075 0.10859375
0 0.1453125 0.83359375 0.0453125 0.15546875
0 0.6203125 0.71015625 0.1828125 0.1515625
0 0.74296875 0.71328125 0.09375 0.17890625
0 0.80859375 0.65390625 0.084375 0.15390625
0 0.95 0.69375 0.1 0.2046875
0 0.28671875 0.871875 0.0859375 0.10859375
0 0.8109375 0.725 0.071875 0.14921875
0 0.234375 0.79765625 0.0796875 0.16015625
0 0.5828125 0.77890625 0.0734375 0.059375