0 0.8859375 0.55234375 0.228125 0.77265625
0 0.36171875 0.51640625 0.2421875 0.9390625
0 0.64765625 0.29296875 0.1625 0.46640625
0 0.871875 0.196875 0.103125 0.2953125
0 0.5328125 0.12265625 0.0921875 0.19453125
0 0.925 0.09921875 0.0328125 0.11484375
0 0.2015625 0.3 0.1609375 0.5359375
0 0.475 0.10390625 0.0296875 0.16640625
0 0.28984375 0.0828125 0.0359375 0.14765625
0 0.9625 0.14296875 0.075 0.2859375
0 0.80703125 0.15546875 0.1015625 0.3109375
0 0.44140625 0.08203125 0.0359375 0.09140625
0 0.6140625 0.10625 0.046875 0.18046875