0 0.74453125 0.60546875 0.0796875 0.12890625
0 0.81484375 0.5984375 0.0640625 0.08203125
0 0.86796875 0.59765625 0.0390625 0.12421875
0 0.95625 0.325 0.0296875 0.13828125
0 0.92421875 0.26796875 0.0359375 0.08671875
0 0.94609375 0.21484375 0.03125 0.05859375
0 0.66875 0.184375 0.0234375 0.084375
0 0.69140625 0.19375 0.0296875 0.084375
0 0.55625 0.1703125 0.0265625 0.0890625
0 0.84140625 0.06796875 0.0234375 0.05625
0 0.25546875 0.08515625 0.03125 0.0796875
0 0.3328125 0.10859375 0.03125 0.096875