0 0.534375 0.65546875 0.2359375 0.66875
0 0.93984375 0.334375 0.109375 0.34140625
0 0.321875 0.29609375 0.028125 0.1125
0 0.40234375 0.28671875 0.03125 0.125
0 0.35859375 0.21640625 0.015625 0.04765625
0 0.3203125 0.21640625 0.0140625 0.05234375
0 0.696875 0.23515625 0.0171875 0.02734375
0 0.36640625 0.29765625 0.025 0.03984375
0 0.83984375 0.228125 0.0171875 0.05390625
0 0.85390625 0.23125 0.0171875 0.04140625
0 0.40546875 0.20546875 0.0140625 0.04140625
0 0.86953125 0.240625 0.01875 0.02734375
0 0.3421875 0.2125 0.01875 0.05625