0 0.66875 0.57890625 0.1125 0.1109375
0 0.71640625 0.75703125 0.15703125 0.175
0 0.61484375 0.759375 0.11015625 0.175
0 0.55703125 0.7578125 0.159375 0.1765625
0 0.2984375 0.6984375 0.1125 0.1828125
0 0.78671875 0.75234375 0.13828125 0.1734375
0 0.12421875 0.6984375 0.11015625 0.1890625
0 0.503125 0.38203125 0.2765625 0.325
0 0.15078125 0.575 0.10546875 0.0765625
0 0.05 0.70078125 0.1 0.1796875
0 0.4265625 0.75625 0.10546875 0.184375
0 0.88203125 0.75078125 0.15703125 0.18125
0 0.23203125 0.70078125 0.10625 0.1703125
0 0.33671875 0.59609375 0.09921875 0.12578125