0 0.18828125 0.79921875 0.26484375 0.4015625
0 0.23203125 0.590625 0.13984375 0.10625
0 0.61484375 0.565625 0.025 0.05625
0 0.703125 0.5671875 0.02890625 0.0578125
0 0.74921875 0.56171875 0.01484375 0.05625
0 0.13359375 0.56328125 0.01640625 0.028125
0 0.15703125 0.5578125 0.01484375 0.034375
0 0.50703125 0.56484375 0.02109375 0.046875
0 0.046875 0.5640625 0.02109375 0.0453125
0 0.05625 0.6453125 0.04765625 0.14375
0 0.72734375 0.54140625 0.01640625 0.025
0 0.08203125 0.56015625 0.02109375 0.0375