0 0.38984375 0.50390625 0.040625 0.0453125
0 0.23203125 0.46171875 0.0203125 0.07265625
0 0.2140625 0.45859375 0.0140625 0.06640625
0 0.20234375 0.46796875 0.0140625 0.05859375
0 0.1671875 0.46015625 0.0171875 0.06875
0 0.11484375 0.45703125 0.0234375 0.07265625
0 0.1 0.459375 0.0140625 0.05859375
0 0.08203125 0.46015625 0.015625 0.05390625
0 0.2734375 0.428125 0.0078125 0.025
0 0.1328125 0.4625 0.01875 0.0625
0 0.26328125 0.41796875 0.009375 0.02890625
0 0.246875 0.43046875 0.0109375 0.02890625
0 0.1796875 0.459375 0.0109375 0.06484375