0 0.390625 0.77578125 0.1609375 0.44375
0 0.21953125 0.8125 0.140625 0.36640625
0 0.76015625 0.65546875 0.0921875 0.24375
0 0.57421875 0.69375 0.065625 0.27109375
0 0.496875 0.70859375 0.0890625 0.13359375
0 0.66796875 0.66328125 0.0921875 0.20625
0 0.1453125 0.67734375 0.1046875 0.15390625
0 0.92578125 0.62890625 0.0453125 0.07734375
0 0.48203125 0.6125 0.0171875 0.06640625
0 0.27265625 0.74375 0.084375 0.30390625
0 0.88984375 0.62890625 0.065625 0.22890625
0 0.9203125 0.58671875 0.0453125 0.0734375
0 0.4546875 0.62421875 0.03046875 0.053125