0 0.77421875 0.9109375 0.09140625 0.178125
0 0.8671875 0.91484375 0.08203125 0.16796875
0 0.1140625 0.86875 0.040625 0.1046875
0 0.70078125 0.8828125 0.04921875 0.15
0 0.321875 0.84765625 0.034375 0.08671875
0 0.40234375 0.85390625 0.040625 0.09140625
0 0.07890625 0.946875 0.034375 0.10625
0 0.3546875 0.8671875 0.034375 0.1125
0 0.5046875 0.84140625 0.02265625 0.05390625
0 0.63984375 0.8390625 0.01640625 0.06171875
0 0.28671875 0.89453125 0.05546875 0.16015625
0 0.03515625 0.95625 0.0328125 0.0875