0 0.803125 0.5140625 0.0796875 0.321875
0 0.89765625 0.5296875 0.059375 0.38515625
0 0.646875 0.4484375 0.021875 0.0984375
0 0.74609375 0.52265625 0.046875 0.2984375
0 0.69765625 0.42265625 0.04375 0.11953125
0 0.23125 0.484375 0.0484375 0.196875
0 0.17890625 0.48203125 0.05 0.21796875
0 0.11640625 0.48359375 0.0984375 0.41328125
0 0.0265625 0.5578125 0.053125 0.33125
0 0.95390625 0.5421875 0.0921875 0.53515625
0 0.309375 0.55625 0.096875 0.52109375
0 0.37421875 0.57890625 0.0625 0.415625
0 0.48671875 0.7296875 0.13671875 0.50234375