0 0.4578125 0.5828125 0.24375 0.51015625
0 0.2375 0.6734375 0.2734375 0.33515625
0 0.6515625 0.29609375 0.0625 0.2015625
0 0.340625 0.32421875 0.0609375 0.1171875
0 0.42265625 0.31953125 0.05625 0.16171875
0 0.14296875 0.29765625 0.0671875 0.08671875
0 0.4828125 0.27734375 0.071875 0.10078125
0 0.6125 0.2234375 0.06875 0.15703125
0 0.6015625 0.4859375 0.1078125 0.38671875
0 0.7609375 0.2671875 0.0828125 0.09609375
0 0.0828125 0.4921875 0.0734375 0.0796875
0 0.44765625 0.253125 0.046875 0.1078125
0 0.56796875 0.2203125 0.06875 0.196875