0 0.83515625 0.825 0.2390625 0.35
0 0.11328125 0.8328125 0.22578125 0.31171875
0 0.578125 0.80703125 0.0640625 0.1203125
0 0.546875 0.7703125 0.0421875 0.07578125
0 0.97734375 0.834375 0.0421875 0.03984375
0 0.99296875 0.80078125 0.01328125 0.0359375
0 0.59609375 0.80078125 0.02890625 0.09765625
0 0.75703125 0.81171875 0.03984375 0.06015625
0 0.8828125 0.74609375 0.03984375 0.0359375
0 0.72578125 0.79765625 0.0375 0.08203125
0 0.98515625 0.821875 0.015625 0.02578125
0 0.36328125 0.78203125 0.04765625 0.03203125