0 0.2015625 0.640625 0.1953125 0.71796875
0 0.25390625 0.54375 0.046875 0.121875
0 0.31484375 0.51171875 0.078125 0.34765625
0 0.44765625 0.515625 0.103125 0.41328125
0 0.51796875 0.5109375 0.05 0.225
0 0.54609375 0.5421875 0.0453125 0.2203125
0 0.83359375 0.54453125 0.121875 0.53515625
0 0.66640625 0.5109375 0.0453125 0.1640625
0 0.0140625 0.4953125 0.028125 0.15
0 0.3953125 0.47890625 0.0296875 0.12890625
0 0.3765625 0.4328125 0.0203125 0.09140625
0 0.10546875 0.4 0.01875 0.084375
0 0.62265625 0.4890625 0.0296875 0.07265625
0 0.9921875 0.43984375 0.015625 0.0796875
0 0.9015625 0.4453125 0.03125 0.09921875
0 0.7828125 0.42265625 0.01953125 0.08671875
0 0.66171875 0.4171875 0.021875 0.04296875
0 0.60078125 0.4671875 0.0296875 0.078125
0 0.3578125 0.396875 0.01796875 0.0796875