0 0.4078125 0.77109375 0.0234375 0.09609375
0 0.41484375 0.69765625 0.0140625 0.0625
0 0.578125 0.75390625 0.0203125 0.09375
0 0.67265625 0.78515625 0.0375 0.12109375
0 0.38828125 0.75390625 0.025 0.06484375
0 0.55 0.76640625 0.03125 0.09765625
0 0.7953125 0.765625 0.028125 0.075
0 0.57421875 0.67265625 0.0140625 0.05859375
0 0.72109375 0.72109375 0.0203125 0.07890625
0 0.55859375 0.9765625 0.0578125 0.046875
0 0.5015625 0.77734375 0.034375 0.08359375
0 0.89921875 0.75078125 0.025 0.08359375
0 0.8234375 0.75859375 0.0265625 0.08125