0 0.653125 0.70234375 0.05 0.18125
0 0.73515625 0.73671875 0.053125 0.225
0 0.77578125 0.73125 0.071875 0.23515625
0 0.05234375 0.75390625 0.053125 0.19375
0 0.0765625 0.7 0.03125 0.10390625
0 0.36953125 0.67421875 0.0265625 0.1125
0 0.86640625 0.675 0.025 0.03515625
0 0.20234375 0.68046875 0.0234375 0.08359375
0 0.246875 0.684375 0.0328125 0.1125
0 0.86484375 0.64140625 0.0359375 0.06640625
0 0.7984375 0.68046875 0.021875 0.06640625
0 0.75234375 0.66171875 0.028125 0.09765625
0 0.81875 0.65078125 0.0296875 0.08125
0 0.878125 0.71015625 0.0484375 0.121875