0 0.534375 0.70546875 0.340625 0.5703125
0 0.671875 0.6609375 0.1296875 0.6078125
0 0.46171875 0.50390625 0.053125 0.19453125
0 0.1671875 0.5421875 0.2234375 0.91328125
0 0.9359375 0.54453125 0.1265625 0.4203125
0 0.75390625 0.621875 0.08125 0.4859375
0 0.2609375 0.63203125 0.115625 0.5796875
0 0.04765625 0.58203125 0.0890625 0.61484375
0 0.37734375 0.6375 0.1046875 0.4859375
0 0.50390625 0.44921875 0.078125 0.215625
0 0.6125 0.52578125 0.0515625 0.3546875
0 0.8390625 0.575 0.0765625 0.31015625
0 0.8015625 0.5 0.0234375 0.09609375