0 0.4109375 0.86484375 0.065625 0.1609375
0 0.23046875 0.91484375 0.109375 0.165625
0 0.4859375 0.92265625 0.109375 0.1546875
0 0.56875 0.8359375 0.0484375 0.07890625
0 0.74375 0.89375 0.046875 0.19140625
0 0.71484375 0.91953125 0.053125 0.1609375
0 0.64140625 0.875 0.034375 0.11171875
0 0.61953125 0.834375 0.0203125 0.0609375
0 0.59296875 0.91484375 0.065625 0.165625
0 0.37109375 0.86328125 0.046875 0.06328125
0 0.25546875 0.86015625 0.0609375 0.1609375
0 0.51171875 0.88125 0.0578125 0.15390625