0 0.146875 0.55859375 0.03984375 0.0546875
0 0.38359375 0.5859375 0.02734375 0.0203125
0 0.140625 0.60859375 0.04140625 0.04375
0 0.44765625 0.60859375 0.02109375 0.03125
0 0.49765625 0.61796875 0.01015625 0.025
0 0.18671875 0.58671875 0.03359375 0.0484375
0 0.21796875 0.58125 0.03125 0.0328125
0 0.2375 0.56796875 0.01484375 0.0296875
0 0.20390625 0.57890625 0.02734375 0.05
0 0.5375 0.72890625 0.10234375 0.1734375
0 0.50859375 0.62421875 0.0125 0.0203125
0 0.59296875 0.63359375 0.01875 0.0265625