0 0.66328125 0.59921875 0.203125 0.21875
0 0.9203125 0.55234375 0.159375 0.1296875
0 0.76953125 0.47578125 0.1046875 0.1265625
0 0.64765625 0.459375 0.07734375 0.0703125
0 0.59296875 0.38828125 0.0984375 0.1234375
0 0.54921875 0.34609375 0.05 0.0546875
0 0.49375 0.44375 0.08984375 0.0875
0 0.5453125 0.51015625 0.1234375 0.153125
0 0.30625 0.45625 0.11328125 0.08125
0 0.7375 0.3875 0.0734375 0.1015625
0 0.98515625 0.4546875 0.02890625 0.0921875
0 0.41328125 0.43984375 0.0875 0.1109375
0 0.86953125 0.49140625 0.10703125 0.1421875