0 0.52109375 0.74453125 0.0375 0.15
0 0.68203125 0.9140625 0.0953125 0.171875
0 0.9171875 0.725 0.0453125 0.0625
0 0.90546875 0.75625 0.040625 0.16015625
0 0.75625 0.64375 0.0265625 0.07890625
0 0.77734375 0.61640625 0.03125 0.06875
0 0.6890625 0.63125 0.028125 0.06015625
0 0.946875 0.8625 0.10625 0.25
0 0.61640625 0.62578125 0.021875 0.06015625
0 0.54453125 0.62265625 0.01875 0.06640625
0 0.39375 0.66953125 0.021875 0.05625
0 0.55390625 0.771875 0.053125 0.15625
0 0.228125 0.61875 0.0234375 0.05