0 0.28828125 0.853125 0.0671875 0.25078125
0 0.23984375 0.7828125 0.059375 0.21484375
0 0.24921875 0.63984375 0.0453125 0.16015625
0 0.1015625 0.58671875 0.0609375 0.17890625
0 0.0796875 0.86640625 0.075 0.2359375
0 0.409375 0.659375 0.04375 0.1921875
0 0.48828125 0.66796875 0.0484375 0.18671875
0 0.59140625 0.6921875 0.06875 0.15625
0 0.35390625 0.640625 0.065625 0.2171875
0 0.78984375 0.82578125 0.0890625 0.24140625
0 0.8265625 0.68046875 0.0515625 0.18671875
0 0.68359375 0.81484375 0.05625 0.22421875