0 0.42734375 0.66328125 0.0640625 0.27265625
0 0.6 0.60390625 0.0390625 0.1625
0 0.6390625 0.571875 0.0234375 0.10234375
0 0.825 0.54140625 0.0171875 0.05859375
0 0.70625 0.55390625 0.0234375 0.075
0 0.72421875 0.55703125 0.025 0.12109375
0 0.753125 0.54375 0.0109375 0.05
0 0.7859375 0.553125 0.0203125 0.06875
0 0.92578125 0.565625 0.0421875 0.13125
0 0.89765625 0.540625 0.0140625 0.05390625
0 0.07578125 0.57421875 0.0234375 0.08125
0 0.19453125 0.58359375 0.0171875 0.02890625
0 0.6765625 0.56484375 0.0265625 0.11015625