0 0.10078125 0.71640625 0.0703125 0.31875
0 0.1765625 0.73203125 0.059375 0.271875
0 0.68125 0.71328125 0.0734375 0.3421875
0 0.4875 0.71171875 0.0828125 0.35390625
0 0.93515625 0.715625 0.025 0.09375
0 0.8296875 0.73046875 0.0703125 0.33046875
0 0.23203125 0.75546875 0.0234375 0.121875
0 0.3015625 0.7203125 0.0671875 0.3140625
0 0.25546875 0.73671875 0.034375 0.18046875
0 0.2203125 0.63125 0.0296875 0.07734375
0 0.240625 0.6765625 0.009375 0.01640625
0 0.15 0.71875 0.046875 0.3046875
0 0.88828125 0.73203125 0.0546875 0.29765625