0 0.1828125 0.69375 0.0765625 0.315625
0 0.40546875 0.69140625 0.06875 0.31328125
0 0.31015625 0.6984375 0.0921875 0.25859375
0 0.5375 0.734375 0.1125 0.325
0 0.24375 0.70390625 0.0671875 0.23984375
0 0.48046875 0.68125 0.0546875 0.29609375
0 0.584375 0.6 0.0625 0.11328125
0 0.10703125 0.5859375 0.0546875 0.20703125
0 0.5109375 0.66484375 0.065625 0.21875
0 0.6578125 0.60703125 0.0546875 0.10859375
0 0.70234375 0.60234375 0.0578125 0.09609375
0 0.746875 0.5953125 0.071875 0.1109375
0 0.15078125 0.56484375 0.0375 0.10859375