0 0.1140625 0.50234375 0.196875 0.425
0 0.63046875 0.45390625 0.165625 0.53515625
0 0.80078125 0.48515625 0.196875 0.55
0 0.28671875 0.38359375 0.2109375 0.36015625
0 0.4890625 0.20859375 0.0484375 0.14765625
0 0.946875 0.26015625 0.065625 0.24765625
0 0.39765625 0.26328125 0.084375 0.22109375
0 0.28671875 0.19765625 0.071875 0.1125
0 0.03203125 0.553125 0.0640625 0.125
0 0.55859375 0.41953125 0.1171875 0.36015625
0 0.8984375 0.31796875 0.103125 0.27109375
0 0.2421875 0.19453125 0.0578125 0.13515625
0 0.86875 0.190625 0.0515625 0.11015625