0 0.8921875 0.15390625 0.084375 0.29375
0 0.54453125 0.18359375 0.0828125 0.24375
0 0.59921875 0.1625 0.0703125 0.23359375
0 0.7234375 0.16171875 0.0890625 0.27265625
0 0.1875 0.26328125 0.0578125 0.40234375
0 0.1234375 0.284375 0.1265625 0.50390625
0 0.05390625 0.26875 0.1 0.43515625
0 0.02890625 0.32421875 0.0578125 0.39609375
0 0.26171875 0.171875 0.0453125 0.18515625
0 0.353125 0.14140625 0.16875 0.27265625
0 0.43984375 0.18671875 0.1109375 0.27734375
0 0.56640625 0.07890625 0.0359375 0.08984375
0 0.96015625 0.21484375 0.0796875 0.35234375