0 0.63671875 0.853125 0.0640625 0.18515625
0 0.7328125 0.83046875 0.05625 0.19140625
0 0.7859375 0.834375 0.05 0.1890625
0 0.8640625 0.80390625 0.05 0.1625
0 0.67265625 0.859375 0.04375 0.18515625
0 0.57734375 0.8453125 0.05625 0.2078125
0 0.91171875 0.80078125 0.03125 0.11015625
0 0.9484375 0.79921875 0.0421875 0.14375
0 0.9796875 0.79765625 0.0390625 0.14765625
0 0.3875 0.81171875 0.0375 0.1515625
0 0.16015625 0.82421875 0.028125 0.1375
0 0.20859375 0.82421875 0.034375 0.1265625
0 0.53515625 0.815625 0.04375 0.13203125