0 0.8890625 0.87265625 0.0328125 0.1265625
0 0.209375 0.81484375 0.0203125 0.05625
0 0.228125 0.8140625 0.015625 0.046875
0 0.23046875 0.85234375 0.0234375 0.04921875
0 0.5 0.8359375 0.025 0.06328125
0 0.1859375 0.84296875 0.0328125 0.0703125
0 0.4671875 0.859375 0.034375 0.08671875
0 0.8453125 0.83359375 0.01875 0.07265625
0 0.52734375 0.8265625 0.0265625 0.0515625
0 0.61328125 0.83984375 0.03125 0.05625
0 0.67265625 0.81875 0.0125 0.05625
0 0.9796875 0.909375 0.0375 0.18125
0 0.57109375 0.8234375 0.0390625 0.0609375