0 0.56171875 0.43125 0.071875 0.11171875
0 0.43984375 0.25078125 0.0296875 0.06015625
0 0.26953125 0.2609375 0.053125 0.04375
0 0.24140625 0.25234375 0.0296875 0.05390625
0 0.78671875 0.2328125 0.03203125 0.05625
0 0.92109375 0.2546875 0.05625 0.09375
0 0.98515625 0.27109375 0.0296875 0.05390625
0 0.553125 0.2328125 0.0296875 0.0421875
0 0.89609375 0.22265625 0.03203125 0.04375
0 0.125 0.2578125 0.0375 0.05234375
0 0.76015625 0.23125 0.0265625 0.05390625
0 0.62421875 0.228125 0.02109375 0.05234375