0 0.34296875 0.52578125 0.2828125 0.90859375
0 0.6796875 0.5328125 0.3515625 0.934375
0 0.4890625 0.7734375 0.115625 0.453125
0 0.9125 0.79296875 0.109375 0.38671875
0 0.0953125 0.69921875 0.05625 0.11953125
0 0.96640625 0.66015625 0.0421875 0.103125
0 0.87890625 0.696875 0.0375 0.0703125
0 0.0734375 0.6953125 0.0484375 0.11484375
0 0.86171875 0.63359375 0.025 0.03984375
0 0.05234375 0.66875 0.0234375 0.11015625
0 0.84765625 0.68125 0.0296875 0.0796875
0 0.01484375 0.7109375 0.0296875 0.17578125