0 0.5 0.553125 0.0515625 0.10546875
0 0.7140625 0.53828125 0.0375 0.07421875
0 0.10234375 0.55390625 0.0375 0.10546875
0 0.64453125 0.4953125 0.021875 0.0578125
0 0.9234375 0.5140625 0.025 0.10546875
0 0.59609375 0.4640625 0.0171875 0.03125
0 0.05390625 0.53359375 0.025 0.09140625
0 0.18203125 0.50859375 0.0453125 0.06015625
0 0.3234375 0.49140625 0.0125 0.02421875
0 0.79765625 0.47109375 0.01875 0.05078125
0 0.5515625 0.50234375 0.021875 0.0671875
0 0.0625 0.5796875 0.0171875 0.0484375
0 0.0203125 0.5109375 0.0140625 0.0484375