0 0.04921875 0.61328125 0.090625 0.6171875
0 0.23828125 0.58203125 0.225 0.6125
0 0.36328125 0.51953125 0.1234375 0.48828125
0 0.465625 0.5734375 0.0921875 0.36953125
0 0.74375 0.4953125 0.090625 0.30390625
0 0.13203125 0.57578125 0.1453125 0.67265625
0 0.61171875 0.4578125 0.084375 0.20546875
0 0.640625 0.38984375 0.0625 0.19375
0 0.40703125 0.56171875 0.059375 0.45078125
0 0.534375 0.44609375 0.0875 0.1609375
0 0.9515625 0.490625 0.096875 0.3625
0 0.83046875 0.44453125 0.1046875 0.18828125
0 0.9125 0.45 0.05859375 0.184375