0 0.503125 0.77890625 0.05 0.1890625
0 0.53515625 0.7546875 0.02578125 0.128125
0 0.73671875 0.75859375 0.02421875 0.11171875
0 0.8296875 0.77578125 0.021875 0.06640625
0 0.853125 0.76796875 0.02578125 0.08515625
0 0.36796875 0.7703125 0.021875 0.0640625
0 0.425 0.76953125 0.01796875 0.06171875
0 0.11015625 0.765625 0.028125 0.08515625
0 0.04296875 0.7734375 0.04609375 0.109375
0 0.26171875 0.765625 0.03828125 0.08515625
0 0.78671875 0.81875 0.04609375 0.12265625
0 0.08125 0.77578125 0.021875 0.05859375
0 0.29609375 0.76015625 0.0421875 0.10390625