0 0.20078125 0.64140625 0.03828125 0.13203125
0 0.27578125 0.63203125 0.0359375 0.10546875
0 0.609375 0.62890625 0.02578125 0.1140625
0 0.38125 0.6828125 0.04609375 0.14140625
0 0.640625 0.6125 0.021875 0.071875
0 0.88125 0.65 0.034375 0.10234375
0 0.28515625 0.09296875 0.03203125 0.08984375
0 0.26015625 0.09921875 0.015625 0.08125
0 0.503125 0.0859375 0.0203125 0.0328125
0 0.52578125 0.109375 0.0203125 0.06640625
0 0.54375 0.1171875 0.021875 0.08671875
0 0.4859375 0.609375 0.03203125 0.075
0 0.4390625 0.6125 0.0296875 0.05078125
0 0.71015625 0.709375 0.0484375 0.134375
0 0.071875 0.8296875 0.0640625 0.21171875
0 0.01796875 0.8328125 0.0359375 0.19296875