0 0.67578125 0.44296875 0.22421875 0.515625
0 0.51484375 0.34765625 0.05390625 0.09375
0 0.47421875 0.23359375 0.05 0.11796875
0 0.70234375 0.146875 0.0359375 0.08984375
0 0.86171875 0.15390625 0.03203125 0.0484375
0 0.89296875 0.24375 0.0421875 0.10703125
0 0.953125 0.3234375 0.07421875 0.13125
0 0.1609375 0.19375 0.04765625 0.1484375
0 0.809375 0.36328125 0.02578125 0.0453125
0 0.334375 0.55546875 0.25 0.31484375
0 0.1859375 0.47890625 0.17578125 0.4703125
0 0.56875 0.15390625 0.0359375 0.08671875
0 0.34921875 0.29921875 0.07578125 0.19375