0 0.41484375 0.5515625 0.1359375 0.71015625
0 0.5375 0.53828125 0.125 0.64921875
0 0.68515625 0.53984375 0.18125 0.71484375
0 0.7546875 0.4953125 0.0875 0.50234375
0 0.21015625 0.459375 0.0734375 0.315625
0 0.328125 0.38671875 0.01875 0.12421875
0 0.30078125 0.4015625 0.0296875 0.146875
0 0.825 0.46875 0.0578125 0.4578125
0 0.28125 0.39453125 0.0296875 0.15625
0 0.9515625 0.3984375 0.046875 0.3015625
0 0.89453125 0.47890625 0.0984375 0.52578125
0 0.96796875 0.38203125 0.0234375 0.18671875
0 0.3609375 0.3984375 0.0453125 0.23359375