0 0.4234375 0.6296875 0.509375 0.740625
0 0.3859375 0.83203125 0.0640625 0.2046875
0 0.1328125 0.6703125 0.1 0.246875
0 0.7796875 0.6859375 0.0859375 0.37421875
0 0.8453125 0.6859375 0.0671875 0.32109375
0 0.846875 0.88203125 0.1328125 0.23515625
0 0.7359375 0.89765625 0.0640625 0.171875
0 0.96796875 0.85703125 0.0640625 0.28515625
0 0.19765625 0.82109375 0.1953125 0.33515625
0 0.7296875 0.91953125 0.103125 0.1609375
0 0.71484375 0.815625 0.0859375 0.1859375
0 0.91015625 0.91796875 0.05 0.1578125
0 0.69296875 0.68671875 0.078125 0.26328125