0 0.56875 0.63671875 0.1078125 0.16328125
0 0.7140625 0.4515625 0.090625 0.18203125
0 0.37109375 0.559375 0.084375 0.13125
0 0.18515625 0.5171875 0.0484375 0.08046875
0 0.13203125 0.55390625 0.0328125 0.1015625
0 0.05859375 0.55390625 0.06875 0.084375
0 0.50234375 0.52890625 0.0765625 0.1015625
0 0.47734375 0.61328125 0.040625 0.15234375
0 0.290625 0.5515625 0.05625 0.09765625
0 0.425 0.5828125 0.040625 0.1015625
0 0.93515625 0.540625 0.053125 0.12109375
0 0.98515625 0.5109375 0.0296875 0.06953125
0 0.23359375 0.5203125 0.0578125 0.09140625