0 0.61640625 0.5875 0.078125 0.28515625
0 0.8484375 0.71015625 0.1234375 0.49375
0 0.91015625 0.471875 0.040625 0.05390625
0 0.38203125 0.465625 0.071875 0.2375
0 0.58671875 0.528125 0.0296875 0.125
0 0.1796875 0.484375 0.046875 0.06875
0 0.909375 0.52734375 0.0453125 0.10625
0 0.71796875 0.54609375 0.025 0.11484375
0 0.68125 0.54296875 0.0484375 0.12265625
0 0.7046875 0.49609375 0.01875 0.06015625
0 0.6578125 0.546875 0.01875 0.10234375
0 0.1375 0.56484375 0.04375 0.17109375
0 0.56796875 0.54453125 0.0375 0.15625
0 0.975 0.5703125 0.05 0.19921875