0 0.22578125 0.6859375 0.190625 0.48046875
0 0.7109375 0.575 0.25 0.615625
0 0.909375 0.51640625 0.08125 0.26015625
0 0.44296875 0.5703125 0.0421875 0.103125
0 0.4921875 0.56640625 0.04375 0.10078125
0 0.05 0.4125 0.025 0.046875
0 0.6109375 0.540625 0.0828125 0.196875
0 0.40234375 0.5703125 0.040625 0.10078125
0 0.17265625 0.5140625 0.0296875 0.0375
0 0.35234375 0.54296875 0.03125 0.046875
0 0.37734375 0.7296875 0.2 0.3421875
0 0.021875 0.5234375 0.04375 0.0515625
0 0.14765625 0.5171875 0.0359375 0.03984375