0 0.471875 0.7109375 0.4453125 0.43515625
0 0.47265625 0.50390625 0.153125 0.49375
0 0.8109375 0.72734375 0.3140625 0.4984375
0 0.534375 0.35234375 0.121875 0.55
0 0.35 0.33203125 0.1421875 0.57265625
0 0.13046875 0.70234375 0.2578125 0.43984375
0 0.15859375 0.36640625 0.1859375 0.61171875
0 0.1140625 0.096875 0.06875 0.18671875
0 0.31328125 0.55390625 0.19375 0.58515625
0 0.075 0.0859375 0.0734375 0.1671875
0 0.67578125 0.465625 0.1328125 0.45
0 0.71484375 0.23359375 0.15625 0.390625
0 0.8421875 0.45 0.1828125 0.80625