0 0.48203125 0.63515625 0.159375 0.37578125
0 0.63359375 0.75703125 0.3 0.4671875
0 0.33046875 0.43671875 0.075 0.159375
0 0.3359375 0.33359375 0.0359375 0.140625
0 0.72578125 0.3125 0.021875 0.0890625
0 0.75859375 0.3203125 0.0234375 0.09609375
0 0.28046875 0.33203125 0.034375 0.11484375
0 0.81640625 0.32734375 0.01875 0.08671875
0 0.65 0.340625 0.025 0.1453125
0 0.38046875 0.50703125 0.09375 0.2609375
0 0.628125 0.325 0.0234375 0.09375
0 0.88828125 0.265625 0.0234375 0.084375
0 0.25390625 0.3359375 0.0359375 0.12890625