0 0.52578125 0.371875 0.015625 0.05078125
0 0.07421875 0.37890625 0.0140625 0.04296875
0 0.659375 0.37734375 0.015625 0.03984375
0 0.47421875 0.35859375 0.01171875 0.0375
0 0.16171875 0.365625 0.01171875 0.05078125
0 0.41875 0.36953125 0.0140625 0.0453125
0 0.3109375 0.384375 0.021875 0.06171875
0 0.4453125 0.3640625 0.01015625 0.034375
0 0.1 0.3828125 0.0203125 0.0375
0 0.034375 0.3796875 0.0140625 0.03984375
0 0.1828125 0.35234375 0.0140625 0.03984375
0 0.209375 0.32265625 0.0078125 0.03203125
0 0.6046875 0.36640625 0.01171875 0.0375