0 0.275 0.58515625 0.1859375 0.3328125
0 0.86875 0.5609375 0.2375 0.4359375
0 0.69296875 0.4640625 0.0375 0.18984375
0 0.6609375 0.4734375 0.0234375 0.17578125
0 0.609375 0.4828125 0.034375 0.1640625
0 0.44296875 0.51015625 0.0328125 0.16640625
0 0.4921875 0.51171875 0.0328125 0.16640625
0 0.36640625 0.28125 0.01875 0.11484375
0 0.271875 0.27734375 0.0328125 0.12421875
0 0.2140625 0.365625 0.040625 0.10546875
0 0.1046875 0.33515625 0.03125 0.11015625
0 0.51171875 0.378125 0.03125 0.10078125
0 0.58359375 0.4921875 0.03125 0.16875
0 0.2109375 0.271875 0.034375 0.1265625
0 0.015625 0.58046875 0.03125 0.3046875