0 0.834375 0.06796875 0.04375 0.1359375
0 0.7796875 0.4421875 0.171875 0.58828125
0 0.43984375 0.47109375 0.24765625 0.65625
0 0.91875 0.4015625 0.14765625 0.5609375
0 0.93515625 0.221875 0.1296875 0.43671875
0 0.52265625 0.4125 0.2203125 0.82109375
0 0.34375 0.16640625 0.16796875 0.32578125
0 0.20234375 0.196875 0.08203125 0.39375
0 0.07265625 0.23515625 0.09609375 0.38125
0 0.66796875 0.56796875 0.29765625 0.725
0 0.109375 0.078125 0.05390625 0.13359375
0 0.303125 0.06796875 0.0296875 0.10625
0 0.259375 0.10625 0.06015625 0.2125