0 0.20625 0.665625 0.1640625 0.29140625
0 0.109375 0.590625 0.10625 0.425
0 0.0890625 0.31015625 0.1171875 0.1125
0 0.6578125 0.24375 0.075 0.07734375
0 0.159375 0.16953125 0.065625 0.16015625
0 0.4109375 0.25859375 0.128125 0.10703125
0 0.69140625 0.21796875 0.0703125 0.10234375
0 0.76171875 0.215625 0.0734375 0.09140625
0 0.4546875 0.103125 0.025 0.02890625
0 0.90078125 0.32890625 0.1046875 0.23984375
0 0.81484375 0.2 0.0703125 0.11640625
0 0.48984375 0.58828125 0.2140625 0.37734375
0 0.54140625 0.053125 0.053125 0.10625
0 0.4546875 0.2515625 0.071875 0.1046875
0 0.63359375 0.05078125 0.06484375 0.06875
0 0.72421875 0.0359375 0.0484375 0.071875
0 0.4171875 0.05390625 0.0609375 0.10703125
0 0.22421875 0.140625 0.06328125 0.125
0 0.0546875 0.14921875 0.10234375 0.140625
0 0.878125 0.2109375 0.05390625 0.09453125