0 0.440625 0.45390625 0.8078125 0.54375
0 0.503125 0.60390625 0.8109375 0.6703125
0 0.484375 0.19609375 0.02578125 0.06015625
0 0.92734375 0.25234375 0.05546875 0.15625
0 0.1875 0.21796875 0.046875 0.08828125
0 0.140625 0.21328125 0.0578125 0.09375
0 0.584375 0.234375 0.078125 0.12421875
0 0.6453125 0.22421875 0.0375 0.04609375
0 0.85625 0.19921875 0.02890625 0.06796875
0 0.21640625 0.2078125 0.02890625 0.084375
0 0.07734375 0.19609375 0.02890625 0.028125
0 0.54375 0.20703125 0.03515625 0.08203125
0 0.8984375 0.22265625 0.0375 0.04375