0 0.58984375 0.55390625 0.6640625 0.88359375
0 0.2046875 0.50546875 0.40625 0.9625
0 0.66953125 0.41796875 0.125 0.25390625
0 0.98125 0.33984375 0.0375 0.08984375
0 0.5890625 0.465625 0.096875 0.21484375
0 0.86796875 0.40234375 0.071875 0.1625
0 0.72890625 0.52109375 0.109375 0.325
0 0.7984375 0.38203125 0.1 0.21484375
0 0.82890625 0.30625 0.0359375 0.08515625
0 0.925 0.31640625 0.0515625 0.07890625
0 0.05546875 0.34296875 0.109375 0.19140625
0 0.86875 0.56953125 0.1984375 0.43359375
0 0.67109375 0.31328125 0.06875 0.1375