0 0.55078125 0.753125 0.159375 0.25390625
0 0.721875 0.70546875 0.090625 0.24609375
0 0.91953125 0.7953125 0.1078125 0.409375
0 0.125 0.57421875 0.0359375 0.11640625
0 0.03125 0.603125 0.053125 0.1125
0 0.3875 0.41875 0.0171875 0.04140625
0 0.43046875 0.53515625 0.01875 0.06640625
0 0.521875 0.43125 0.0140625 0.0375
0 0.86328125 0.42734375 0.0171875 0.04765625
0 0.675 0.42109375 0.015625 0.03984375
0 0.4265625 0.41640625 0.0125 0.02890625
0 0.78828125 0.47109375 0.0140625 0.03984375
0 0.76796875 0.465625 0.015625 0.01875