0 0.5265625 0.43203125 0.059375 0.31640625
0 0.2046875 0.48125 0.09375 0.3859375
0 0.27265625 0.44765625 0.0640625 0.3234375
0 0.37890625 0.4484375 0.0375 0.31171875
0 0.46484375 0.4453125 0.071875 0.30703125
0 0.49453125 0.328125 0.040625 0.11484375
0 0.57578125 0.43125 0.0484375 0.33984375
0 0.41640625 0.46171875 0.0609375 0.36328125
0 0.63203125 0.41796875 0.065625 0.2953125
0 0.72265625 0.425 0.0890625 0.33515625
0 0.8609375 0.43203125 0.0875 0.3515625
0 0.68359375 0.40859375 0.0515625 0.2859375