0 0.38203125 0.49375 0.2921875 0.90859375
0 0.96171875 0.5296875 0.05625 0.20234375
0 0.9890625 0.546875 0.021875 0.209375
0 0.16484375 0.471875 0.01875 0.04921875
0 0.13046875 0.44609375 0.009375 0.03046875
0 0.11171875 0.4578125 0.00625 0.03515625
0 0.07421875 0.48125 0.0125 0.03984375
0 0.39609375 0.4859375 0.0140625 0.0421875
0 0.153125 0.44375 0.009375 0.028125
0 0.56015625 0.47890625 0.009375 0.03984375
0 0.14375 0.44453125 0.00625 0.03046875
0 0.53828125 0.62109375 0.053125 0.1109375
0 0.73359375 0.56953125 0.01875 0.0515625