0 0.3640625 0.5734375 0.4921875 0.85234375
0 0.0484375 0.4234375 0.09375 0.55546875
0 0.84140625 0.3765625 0.2296875 0.7453125
0 0.671875 0.334375 0.071875 0.153125
0 0.13984375 0.2703125 0.05 0.35703125
0 0.14921875 0.5 0.1015625 0.2234375
0 0.309375 0.209375 0.05 0.18125
0 0.48359375 0.2546875 0.0671875 0.36015625
0 0.32734375 0.153125 0.025 0.10234375
0 0.59765625 0.38671875 0.1609375 0.75390625
0 0.93984375 0.228125 0.0484375 0.334375
0 0.7234375 0.41328125 0.1453125 0.15859375
0 0.0984375 0.30859375 0.059375 0.35703125
0 0.2578125 0.27890625 0.046875 0.28828125
0 0.728125 0.27890625 0.07265625 0.31640625