0 0.7078125 0.7828125 0.15625 0.41875
0 0.78828125 0.7296875 0.08203125 0.4
0 0.953125 0.796875 0.09375 0.40625
0 0.86640625 0.85546875 0.0828125 0.2890625
0 0.596875 0.7921875 0.1421875 0.3921875
0 0.4421875 0.7640625 0.11171875 0.40234375
0 0.2453125 0.7890625 0.11015625 0.3625
0 0.11015625 0.715625 0.08984375 0.44765625
0 0.2953125 0.87578125 0.07578125 0.18671875
0 0.17265625 0.828125 0.03828125 0.08515625
0 0.1921875 0.8890625 0.05390625 0.1734375
0 0.08203125 0.7546875 0.1140625 0.3359375
0 0.33125 0.86796875 0.02578125 0.13828125