0 0.609375 0.5390625 0.0265625 0.05390625
0 0.76953125 0.6359375 0.1859375 0.28671875
0 0.5390625 0.4859375 0.0609375 0.13359375
0 0.51171875 0.46796875 0.0375 0.10546875
0 0.4703125 0.47265625 0.0484375 0.13359375
0 0.24375 0.5953125 0.134375 0.39453125
0 0.421875 0.45390625 0.053125 0.12421875
0 0.3515625 0.41328125 0.04375 0.065625
0 0.80703125 0.5484375 0.0234375 0.05390625
0 0.78046875 0.5484375 0.021875 0.0375
0 0.803125 0.50859375 0.0296875 0.04921875
0 0.85390625 0.5296875 0.021875 0.05625