0 0.8421875 0.34609375 0.0921875 0.16484375
0 0.78515625 0.39921875 0.1421875 0.26875
0 0.93046875 0.59453125 0.1390625 0.68515625
0 0.63125 0.33828125 0.134375 0.17109375
0 0.53359375 0.60078125 0.2015625 0.6875
0 0.4 0.55234375 0.1640625 0.5625
0 0.32890625 0.52109375 0.1359375 0.50390625
0 0.24296875 0.49921875 0.1234375 0.4625
0 0.17265625 0.59375 0.1484375 0.55859375
0 0.11875 0.43046875 0.06875 0.27265625
0 0.0765625 0.35234375 0.05625 0.12265625
0 0.43359375 0.3 0.096875 0.08125
0 0.053125 0.59296875 0.10234375 0.61953125