0 0.33515625 0.5890625 0.12578125 0.4359375
0 0.10390625 0.7390625 0.10625 0.40390625
0 0.28125 0.365625 0.01015625 0.03203125
0 0.0609375 0.44453125 0.0203125 0.04765625
0 0.07578125 0.4015625 0.0078125 0.034375
0 0.25234375 0.38046875 0.0140625 0.0640625
0 0.453125 0.3296875 0.01015625 0.03203125
0 0.290625 0.365625 0.01015625 0.02890625
0 0.34296875 0.36015625 0.01171875 0.015625
0 0.32578125 0.359375 0.0078125 0.02890625
0 0.37421875 0.34296875 0.01015625 0.034375
0 0.13984375 0.46796875 0.028125 0.06640625
0 0.53203125 0.3234375 0.01171875 0.015625