0 0.48984375 0.3671875 0.0671875 0.13359375
0 0.478125 0.43515625 0.0453125 0.184375
0 0.48984375 0.58515625 0.0578125 0.11953125
0 0.50703125 0.64375 0.065625 0.115625
0 0.575 0.54921875 0.075 0.21875
0 0.62109375 0.51953125 0.0515625 0.14375
0 0.63984375 0.45625 0.0390625 0.09140625
0 0.375 0.47890625 0.065625 0.14375
0 0.43125 0.57890625 0.0875 0.11171875
0 0.54609375 0.34609375 0.046875 0.14140625
0 0.4484375 0.640625 0.06875 0.1171875
0 0.58828125 0.36640625 0.0890625 0.15
0 0.56953125 0.4453125 0.09375 0.15390625