0 0.58515625 0.7828125 0.4 0.4109375
0 0.49375 0.46875 0.28046875 0.4578125
0 0.16484375 0.52421875 0.2734375 0.7
0 0.3234375 0.2625 0.22890625 0.403125
0 0.865625 0.74140625 0.25859375 0.5078125
0 0.7484375 0.54921875 0.27109375 0.5640625
0 0.9421875 0.37890625 0.115625 0.2546875
0 0.5453125 0.32578125 0.2828125 0.24375
0 0.81796875 0.17109375 0.13203125 0.1546875
0 0.75625 0.26640625 0.2265625 0.2765625
0 0.89375 0.21640625 0.109375 0.2125
0 0.97265625 0.178125 0.0546875 0.11875
0 0.92890625 0.2265625 0.11484375 0.153125