0 0.55625 0.48046875 0.0484375 0.19375
0 0.6046875 0.53359375 0.0671875 0.30625
0 0.3984375 0.60859375 0.1015625 0.14375
0 0.5 0.58828125 0.0859375 0.08515625
0 0.0734375 0.521875 0.0796875 0.10234375
0 0.4484375 0.54609375 0.071875 0.21640625
0 0.42109375 0.43046875 0.0140625 0.02265625
0 0.15234375 0.421875 0.01875 0.04609375
0 0.978125 0.39765625 0.009375 0.02109375
0 0.8625 0.46171875 0.046875 0.22890625
0 0.1734375 0.415625 0.0078125 0.0125
0 0.409375 0.44296875 0.0140625 0.03125
0 0.95625 0.4 0.0140625 0.02265625