0 0.76015625 0.68203125 0.2078125 0.36640625
0 0.69609375 0.82109375 0.428125 0.33515625
0 0.35 0.65390625 0.2109375 0.4
0 0.075 0.63984375 0.1484375 0.27265625
0 0.196875 0.58671875 0.1203125 0.32109375
0 0.2328125 0.47265625 0.08125 0.20859375
0 0.3828125 0.52109375 0.1125 0.27890625
0 0.74375 0.49375 0.0734375 0.12265625
0 0.6890625 0.46875 0.109375 0.1625
0 0.90703125 0.67578125 0.184375 0.53515625
0 0.50859375 0.5875 0.16875 0.64765625
0 0.81328125 0.45390625 0.0859375 0.12265625
0 0.07890625 0.4625 0.1296875 0.15625