0 0.43984375 0.546875 0.1671875 0.4125
0 0.73515625 0.65078125 0.134375 0.27890625
0 0.89765625 0.565625 0.09765625 0.4640625
0 0.85234375 0.1953125 0.0875 0.1203125
0 0.77578125 0.19453125 0.0609375 0.09765625
0 0.71953125 0.271875 0.0515625 0.21875
0 0.66484375 0.296875 0.075 0.20859375
0 0.496875 0.21171875 0.0734375 0.15390625
0 0.90625 0.046875 0.0546875 0.0875
0 0.2796875 0.221875 0.09375 0.20859375
0 0.46640625 0.284375 0.09375 0.1375
0 0.04140625 0.18203125 0.0828125 0.20859375
0 0.1125 0.190625 0.0859375 0.2140625
0 0.565625 0.2671875 0.075 0.14765625