0 0.53046875 0.55625 0.190625 0.35859375
0 0.21484375 0.6375 0.096875 0.24375
0 0.0921875 0.66953125 0.0984375 0.23515625
0 0.1453125 0.47265625 0.0640625 0.21484375
0 0.29375 0.55 0.053125 0.25234375
0 0.38359375 0.59453125 0.0671875 0.13125
0 0.41171875 0.57109375 0.046875 0.09609375
0 0.15625 0.65625 0.0890625 0.21640625
0 0.8390625 0.515625 0.040625 0.16640625
0 0.975 0.48203125 0.05 0.175
0 0.02890625 0.66875 0.0578125 0.24609375
0 0.62109375 0.50234375 0.0234375 0.13359375
0 0.71640625 0.55234375 0.059375 0.1875