0 0.5390625 0.74296875 0.109375 0.50625
0 0.30390625 0.2578125 0.0296875 0.14921875
0 0.26328125 0.23125 0.0328125 0.146875
0 0.36328125 0.23828125 0.03125 0.11953125
0 0.65546875 0.26796875 0.0421875 0.1078125
0 0.03828125 0.253125 0.0375 0.14453125
0 0.24296875 0.090625 0.03125 0.09296875
0 0.27109375 0.09140625 0.0328125 0.08828125
0 0.03203125 0.11015625 0.025 0.05390625
0 0.57109375 0.10546875 0.021875 0.0296875
0 0.1921875 0.08203125 0.0296875 0.06875
0 0.8453125 0.0859375 0.0234375 0.034375
0 0.82109375 0.0890625 0.0171875 0.0296875