0 0.66328125 0.63359375 0.1328125 0.41875
0 0.45859375 0.5375 0.046875 0.16640625
0 0.48671875 0.51796875 0.0390625 0.15
0 0.4109375 0.54375 0.0453125 0.19765625
0 0.3546875 0.54921875 0.034375 0.17734375
0 0.31875 0.49140625 0.0375 0.09765625
0 0.18046875 0.49921875 0.025 0.08515625
0 0.734375 0.61640625 0.075 0.40234375
0 0.590625 0.54453125 0.0390625 0.19375
0 0.1515625 0.490625 0.04375 0.10234375
0 0.24140625 0.48828125 0.0203125 0.05625
0 0.2859375 0.50859375 0.03125 0.09765625
0 0.39609375 0.475 0.009375 0.02109375