0 0.0390625 0.43046875 0.07578125 0.853125
0 0.22421875 0.41171875 0.11875 0.79140625
0 0.32421875 0.671875 0.13984375 0.53828125
0 0.48828125 0.62265625 0.1359375 0.51171875
0 0.353125 0.3546875 0.14765625 0.63984375
0 0.44765625 0.49765625 0.09765625 0.56796875
0 0.5421875 0.35234375 0.09375 0.35234375
0 0.821875 0.6625 0.14375 0.62109375
0 0.675 0.66015625 0.16796875 0.62109375
0 0.92421875 0.690625 0.1515625 0.61875
0 0.740625 0.3765625 0.11171875 0.29765625
0 0.84921875 0.3109375 0.134375 0.33828125
0 0.60234375 0.5921875 0.12421875 0.6265625
0 0.18046875 0.50234375 0.14296875 0.76328125
0 0.31015625 0.53359375 0.196875 0.69296875
0 0.64296875 0.2734375 0.1265625 0.2640625
0 0.93046875 0.5546875 0.1390625 0.61875