0 0.43203125 0.59140625 0.4625 0.73671875
0 0.2640625 0.6796875 0.10625 0.20546875
0 0.09921875 0.59609375 0.1671875 0.65390625
0 0.5203125 0.20625 0.0890625 0.1453125
0 0.69296875 0.51640625 0.5671875 0.85078125
0 0.8421875 0.6078125 0.078125 0.3484375
0 0.6109375 0.571875 0.0578125 0.13046875
0 0.2984375 0.546875 0.0953125 0.15390625
0 0.1953125 0.309375 0.059375 0.09140625
0 0.79296875 0.55390625 0.05 0.2078125
0 0.1453125 0.2828125 0.0484375 0.1140625
0 0.928125 0.684375 0.125 0.14921875
0 0.03125 0.19609375 0.0625 0.1578125