0 0.5046875 0.6953125 0.11796875 0.5671875
0 0.2328125 0.45234375 0.14609375 0.53203125
0 0.4640625 0.4234375 0.15 0.471875
0 0.59765625 0.54609375 0.09375 0.50703125
0 0.8078125 0.62421875 0.0796875 0.51796875
0 0.21015625 0.1578125 0.084375 0.290625
0 0.07578125 0.32265625 0.128125 0.5
0 0.3328125 0.25390625 0.08984375 0.21953125
0 0.7390625 0.7515625 0.0703125 0.31171875
0 0.746875 0.45 0.0859375 0.29453125
0 0.77109375 0.24296875 0.084375 0.2234375
0 0.92421875 0.65234375 0.09609375 0.4609375
0 0.95625 0.2390625 0.05390625 0.365625