0 0.78046875 0.47890625 0.1875 0.71875
0 0.36875 0.35703125 0.059375 0.25390625
0 0.4484375 0.36796875 0.0640625 0.27890625
0 0.58828125 0.40546875 0.1421875 0.3125
0 0.89375 0.215625 0.0671875 0.20859375
0 0.715625 0.0625 0.053125 0.08515625
0 0.68203125 0.059375 0.0359375 0.0875
0 0.40703125 0.09140625 0.040625 0.06640625
0 0.34140625 0.11484375 0.021875 0.05234375
0 0.7203125 0.23828125 0.046875 0.09375
0 0.67734375 0.25546875 0.0796875 0.11640625
0 0.96953125 0.253125 0.0609375 0.14375
0 0.43046875 0.09375 0.0265625 0.04375