0 0.15 0.74609375 0.015625 0.06796875
0 0.759375 0.77734375 0.01640625 0.0796875
0 0.571875 0.73046875 0.0125 0.0609375
0 0.559375 0.57265625 0.009375 0.03046875
0 0.48984375 0.65859375 0.015625 0.05390625
0 0.584375 0.70703125 0.0171875 0.05625
0 0.13515625 0.7515625 0.0140625 0.06328125
0 0.03046875 0.8109375 0.021875 0.07265625
0 0.0484375 0.7015625 0.015625 0.05859375
0 0.3015625 0.57265625 0.009375 0.0421875
0 0.73125 0.65546875 0.0171875 0.05390625
0 0.8453125 0.784375 0.0234375 0.0796875
0 0.88984375 0.7734375 0.01875 0.05078125