0 0.2109375 0.52109375 0.2375 0.74453125
0 0.39375 0.228125 0.0984375 0.17578125
0 0.659375 0.24609375 0.0859375 0.1640625
0 0.78125 0.303125 0.1203125 0.17109375
0 0.5796875 0.1125 0.0953125 0.19453125
0 0.8828125 0.328125 0.084375 0.1265625
0 0.665625 0.12265625 0.084375 0.1921875
0 0.85 0.2421875 0.1046875 0.2203125
0 0.4890625 0.1765625 0.096875 0.33984375
0 0.940625 0.2796875 0.0875 0.22265625
0 0.68125 0.32890625 0.0875 0.11015625
0 0.75703125 0.12734375 0.109375 0.234375
0 0.875 0.1296875 0.1359375 0.234375
0 0.59375 0.3140625 0.0890625 0.1375