0 0.76640625 0.490625 0.0734375 0.24609375
0 0.8171875 0.48828125 0.0578125 0.2375
0 0.12734375 0.5375 0.0796875 0.27890625
0 0.2265625 0.49140625 0.03125 0.1375
0 0.18671875 0.49296875 0.0328125 0.09765625
0 0.578125 0.490625 0.0203125 0.10625
0 0.68125 0.4625 0.028125 0.11484375
0 0.07734375 0.46953125 0.028125 0.05
0 0.0390625 0.55859375 0.0640625 0.24140625
0 0.41875 0.42109375 0.0921875 0.22890625
0 0.49453125 0.43203125 0.1109375 0.2375
0 0.0125 0.46328125 0.015625 0.05
0 0.7171875 0.45234375 0.0109375 0.075