0 0.44609375 0.5125 0.340625 0.95390625
0 0.23359375 0.31875 0.1 0.4375
0 0.71796875 0.24453125 0.071875 0.18984375
0 0.77109375 0.22421875 0.078125 0.2
0 0.925 0.34140625 0.1421875 0.61875
0 0.80234375 0.34375 0.096875 0.31875
0 0.30234375 0.29375 0.040625 0.23984375
0 0.60859375 0.33359375 0.0515625 0.34765625
0 0.48125 0.45703125 0.2984375 0.875
0 0.66171875 0.35078125 0.1 0.25234375
0 0.37109375 0.18046875 0.021875 0.04140625
0 0.92890625 0.44140625 0.140625 0.58515625
0 0.0984375 0.49140625 0.196875 0.85859375
0 0.1421875 0.35625 0.125 0.65703125