0 0.37421875 0.62109375 0.0234375 0.09375
0 0.7296875 0.9484375 0.040625 0.103125
0 0.75 0.94453125 0.0578125 0.11015625
0 0.66796875 0.95078125 0.040625 0.0984375
0 0.56171875 0.953125 0.0546875 0.09140625
0 0.4546875 0.96328125 0.0578125 0.0703125
0 0.38828125 0.96015625 0.046875 0.0796875
0 0.51171875 0.9515625 0.071875 0.09609375
0 0.890625 0.93046875 0.0578125 0.09375
0 0.93984375 0.91875 0.0421875 0.103125
0 0.8515625 0.93671875 0.0484375 0.1265625
0 0.275 0.96015625 0.0625 0.0796875
0 0.71015625 0.9484375 0.0484375 0.103125
0 0.98828125 0.9203125 0.0234375 0.159375
0 0.3140625 0.7390625 0.0375 0.1453125