0 0.57265625 0.5796875 0.2875 0.43828125
0 0.67734375 0.33984375 0.0390625 0.13359375
0 0.63515625 0.3453125 0.0515625 0.0703125
0 0.58671875 0.3734375 0.046875 0.1078125
0 0.31171875 0.4484375 0.0546875 0.11484375
0 0.5296875 0.40625 0.06875 0.15703125
0 0.16328125 0.49453125 0.0375 0.06796875
0 0.11171875 0.49296875 0.040625 0.07265625
0 0.20078125 0.159375 0.0375 0.0984375
0 0.83828125 0.33984375 0.053125 0.11015625
0 0.2921875 0.171875 0.025 0.04453125
0 0.34453125 0.1125 0.040625 0.14296875
0 0.384375 0.4921875 0.04375 0.06796875