0 0.321875 0.69765625 0.21875 0.54609375
0 0.52890625 0.48359375 0.1421875 0.67890625
0 0.66640625 0.3875 0.1796875 0.57109375
0 0.8625 0.56015625 0.2375 0.87890625
0 0.41171875 0.33046875 0.134375 0.54375
0 0.23203125 0.29921875 0.1640625 0.39765625
0 0.81328125 0.12265625 0.0625 0.13984375
0 0.26484375 0.153125 0.0828125 0.15390625
0 0.596875 0.3375 0.1015625 0.57109375
0 0.94609375 0.04140625 0.0515625 0.0828125
0 0.97421875 0.28046875 0.0515625 0.40234375
0 0.49140625 0.240625 0.0859375 0.43359375