0 0.75 0.88359375 0.1578125 0.19765625
0 0.5234375 0.92421875 0.084375 0.1515625
0 0.43515625 0.9171875 0.0671875 0.165625
0 0.29609375 0.9171875 0.0453125 0.165625
0 0.21328125 0.921875 0.0734375 0.15625
0 0.14296875 0.9 0.0703125 0.2
0 0.190625 0.9140625 0.034375 0.17109375
0 0.034375 0.9109375 0.0625 0.15390625
0 0.071875 0.89921875 0.0390625 0.134375
0 0.109375 0.90546875 0.0359375 0.1890625
0 0.2609375 0.91328125 0.0359375 0.17109375
0 0.4625 0.91640625 0.0453125 0.1671875
0 0.49921875 0.89765625 0.0421875 0.14296875
0 0.8875 0.90703125 0.04296875 0.16796875
0 0.85234375 0.91640625 0.03203125 0.1390625
0 0.92890625 0.91796875 0.02890625 0.11953125
0 0.97109375 0.90078125 0.0359375 0.1609375